5673 3441 5766 9021 9114 6231 4929 1581 558 2046 9021 7533 5487 6975 6882 8370 6789 6045 5766 5394 5394 5022 1023 3255 6324 5673 1302 2697 1953 4371 1395 4836 
6603 1860 2697 7719 7626 3813 3999 6882 4092 6417 8928 4278 7626 1860 5952 372 7254 4650 93 4557 8742 7719 5673 8649 1302 3627 7812 2790 5952 8742 6045 7719 
3441 2604 7905 6882 7440 5115 5766 0 1674 4464 7440 7719 1116 1488 8463 7905 4278 651 4836 8463 3162 5022 9300 6603 2790 5673 8091 3813 2325 3162 1860 7533 
3534 5301 9114 6975 4557 7347 372 9021 2511 3534 930 7626 8370 3813 3627 2790 8091 4650 9207 9207 3999 8463 1209 2418 6231 7533 2883 4464 3441 6138 3255 5115 
3627 4929 5115 279 5952 0 1674 5580 7347 2325 9114 7161 6975 186 1674 2139 9114 930 1767 5301 5487 9207 2883 3534 7533 3813 2511 9300 4371 1209 4371 4929 
5580 8091 6231 7998 7068 1116 8649 558 5859 4650 558 7626 5022 2883 4092 2325 1860 4278 744 7626 4743 3813 6882 6417 5580 5766 5580 7719 8091 9207 2139 2511 
2790 4836 5580 8184 9207 7440 8649 4185 3999 4650 2418 372 8649 1023 6417 2232 5022 2976 2604 1488 3720 3906 1209 6417 6975 3348 6510 7626 8370 9021 8835 9300 
837 6975 744 93 2511 4557 4371 186 7626 465 8091 2325 930 3906 3348 8742 9207 3441 186 744 7347 9114 4929 8928 8184 4464 2046 1209 3069 6510 5952 4743 
6324 6045 9300 7998 3627 2511 3255 4185 4557 1302 1953 4743 4464 279 7533 4185 8742 5766 1581 2697 1581 3906 7533 5301 5487 7812 9207 5022 5115 3069 4929 2325 
9300 5580 6417 1023 9021 5766 7812 7533 186 7626 7440 2976 3627 2697 8184 6417 8556 3534 5859 5487 4650 1860 7161 6510 3720 2046 2511 3906 5487 930 651 5394 
7440 3906 5580 8277 6696 1302 8184 4092 2139 1767 8463 2046 7533 4650 6789 465 8091 6324 3627 5208 7440 744 1860 4278 6882 8649 93 6696 5208 5487 3441 1209 
2046 3162 4092 2046 5022 7440 7161 2511 1953 7905 8556 2046 930 558 2418 3255 6138 1395 6045 2883 4278 3534 8556 3441 8277 1395 4650 3906 4743 744 3069 5022 
2976 5580 4371 6231 5301 8649 651 3255 2883 5580 6696 6510 6975 7719 2697 6231 5766 7533 6324 651 1488 1953 1767 5580 279 465 4557 7161 2418 3627 3906 930 
2139 3441 2604 8556 5673 930 4092 6231 6603 372 4650 3906 5859 2139 7719 930 372 8277 4743 837 1674 5487 3441 7719 2697 3255 4464 279 1116 6789 0 1209 
1488 7626 8184 6045 7533 186 7068 6789 3441 651 5673 2325 6696 279 2046 6603 5580 930 6138 8928 4836 1953 7905 7254 7254 5952 0 4836 3162 4278 2232 7440 
372 8835 1209 7533 7347 2604 7254 1116 8649 5301 5301 6045 744 3720 8091 3906 9207 7068 8742 3255 9207 1395 1953 7533 7440 8556 279 3441 5394 2046 9300 7812 
7161 6603 2790 465 5115 4278 8463 6231 8370 2418 4650 6231 2883 2883 9207 1023 6603 5115 4743 1302 7719 6789 9021 1581 8556 3720 7719 8928 7347 2883 279 3720 
5766 1488 3813 9114 1860 1209 3813 7440 5859 3906 744 8742 8742 8184 5115 3906 8928 8742 8928 3069 7905 465 6045 4929 6324 0 5580 1767 7440 2511 6510 744 
8277 8649 2790 2697 4278 1953 3720 1581 4836 8184 5487 8835 3813 930 5673 2697 6696 6975 1860 7440 7812 1767 3999 2511 5394 7998 7533 5673 9114 5766 3999 4371 
3534 5580 4929 1767 3069 744 2046 6603 7812 2232 5580 9021 5766 837 4836 5952 3627 8556 4371 3069 9021 1488 6417 5952 2511 7533 2139 2883 2046 6417 3813 1581 
7254 8463 3534 9114 744 3534 3441 4929 5673 3627 5022 7998 8835 930 5766 4185 186 744 3906 7719 9114 2046 7068 7440 9300 186 7998 1860 2604 186 4650 8277 
2604 5394 8556 5859 4743 1674 7440 3255 2046 1116 6603 9300 5115 7719 5022 2976 6882 3720 5766 3720 7347 0 744 7719 1209 465 6975 5022 3255 186 5952 3534 
5766 7068 4650 4464 5859 2139 3069 4743 3534 7161 6975 7719 1209 186 6510 6603 744 1488 6696 9207 8277 7626 7719 9207 4650 6696 2976 7719 4464 465 1581 3348 
2325 8649 8091 1395 1395 3906 5952 5952 1953 8835 8277 2976 6324 7347 2604 1395 7905 3534 1488 2883 7626 3162 3813 1767 3534 5673 7533 3534 930 2046 2976 8370 
5022 4278 5208 4371 3906 5766 9300 4278 1860 7533 1674 6696 0 930 2232 3999 8649 8184 7905 2046 1116 837 4278 7626 837 1674 8463 4185 8835 7440 1023 6045 
1116 3162 4464 837 4278 6510 2139 8742 5859 3627 5859 5859 1767 1953 8928 4836 1860 2418 8091 1395 7719 1953 4557 3348 558 4092 465 2511 2883 7626 4743 2883 
3162 8463 7626 6975 5580 8928 6882 2418 7626 3255 6975 2232 6324 5487 2232 4464 2976 2883 930 3348 8184 6324 6789 6789 9114 2325 5952 4650 6789 5394 4836 1860 
7068 7347 5487 6045 3162 2790 1116 5580 5673 2883 4185 3534 7626 465 651 3348 3813 6324 1302 9207 7068 7905 3348 7812 7812 837 7812 1953 7254 5208 3441 1674 
279 8742 4743 2790 1395 7254 279 5487 2232 6417 6510 3255 8091 6882 3348 3999 7626 1488 3162 6696 7905 8091 7812 1488 2232 930 2046 279 8091 3999 2046 8556 
7998 2139 9021 7347 8463 1209 5673 5208 5394 7068 3627 4557 3813 1302 6975 2976 7905 0 3441 7347 5301 5394 9207 372 3906 0 7347 9114 4743 1395 2139 4092 
465 2697 5952 4836 5301 3069 2604 930 2232 6882 7347 8556 1860 5580 5208 7347 8184 6045 7533 7161 4650 6603 8091 7905 3255 3906 4836 5301 2046 3255 2046 2511 
5673 5022 5022 9114 465 7440 558 6231 372 7161 8277 2046 1302 7998 744 7719 6603 6603 2511 5766 2604 7254 3534 1395 6324 1116 4836 5766 3162 6324 3348 2418 
5115 1023 4464 6789 1860 7161 8277 4836 8277 4185 3441 4557 0 6510 3348 8835 7068 5115 5952 930 6789 93 744 4557 7161 2139 4836 3813 0 3441 7440 6789 
1488 3720 8556 8091 1767 2697 372 2232 7998 8556 2790 744 1209 7626 5115 7719 5301 1953 7161 8463 1581 1209 372 1116 8928 9207 5952 2046 3627 3999 8928 8835 
5859 3069 2883 7533 5487 1302 3348 1674 8091 3720 8277 8091 279 7254 7998 2418 4185 5208 5580 7905 2046 1395 5580 2046 5673 8556 6603 3255 3999 6696 279 5487 
6975 2511 2697 4464 4650 7533 744 7440 3069 7998 186 0 3441 7068 8928 3534 8835 8649 1953 4836 6603 8184 8556 5487 9114 3069 7533 3534 6324 7347 6324 1116 
1767 8370 93 6975 7812 3162 2790 4464 2976 1209 2046 6789 1767 2976 5301 2139 5859 4743 8649 2325 4743 3720 7626 279 4185 3627 6138 7068 6882 2604 7626 7533 
2046 2604 1209 5022 7998 6696 6231 1302 5301 93 5394 7440 2790 2418 7533 4743 1860 9114 1860 1674 6417 4371 5022 7812 5673 4557 8277 4650 7998 5952 3999 2046 
2418 1767 3534 7161 7068 0 3534 372 93 4929 4371 2604 5115 8928 6045 1023 0 7161 4371 2697 8928 2325 6882 1302 4650 5487 6603 5673 1488 4092 3348 6417 
5859 3255 7719 7905 5301 7812 2418 6045 7905 8928 9114 9114 6045 2976 7254 8742 5394 6138 5487 2418 2790 2976 372 7533 372 6138 1953 7440 2418 1674 7719 8556 
4371 9021 5487 5580 5301 1860 3720 279 6231 3720 6324 6882 5952 6324 6324 6231 279 6417 4929 5487 3906 1302 8370 0 7812 4092 3999 372 4278 5673 2790 186 
4278 1674 3813 7161 3999 4092 8370 1860 7254 930 5580 3534 837 8742 8277 5673 7719 5487 7626 7161 9207 9300 558 2139 1302 744 5673 2883 5859 8649 8091 4557 
5487 3813 3720 2418 3627 1860 5208 5022 4278 5766 930 4278 2976 7626 3255 6138 93 3627 5115 7719 2139 3720 6696 2697 2790 5301 2511 1674 2139 6231 6510 7626 
4464 6789 6882 1395 7440 3999 4743 6789 4185 4557 6882 8370 3255 3813 7905 1209 4650 6045 3720 1767 2325 1767 3999 8649 8556 5673 9300 4743 5580 5673 8184 4092 
3162 2883 4185 4743 6324 2790 1488 3441 4371 7626 1953 1767 3627 7254 5208 3348 4464 1953 744 5487 4371 5952 6417 2697 7812 3348 8184 4929 3534 2232 1767 8184 
6603 2139 8928 8184 6603 7068 1860 3906 3999 4929 8184 5859 93 1581 7626 7719 6138 7254 2046 5487 1767 5580 5766 4278 4092 3348 2790 4092 3441 3441 9114 1395 
8835 5487 8184 1860 1674 3534 5487 0 4650 465 2604 8556 5208 5766 9207 2697 6138 3255 7905 3627 93 6231 8370 5673 1395 2418 1488 3813 3813 2139 8928 5115 
2418 2232 279 6138 1116 930 6696 6789 7161 7998 2046 1488 1581 8649 651 5022 5673 558 7440 6789 4092 1023 744 8091 5208 5394 1395 7254 3162 651 7719 5115 
5208 6231 5208 3441 2697 6231 9300 2418 5022 6417 2139 9300 3906 837 3441 186 8649 7347 3534 7440 1023 5859 3162 3162 7161 3348 4371 5580 1860 1116 5766 1860 
5301 5022 3999 279 3348 8277 2139 558 2790 8370 2604 4464 1674 7347 744 3813 8928 7812 1767 6696 5394 4371 1023 1860 1209 9207 93 3162 5580 5115 6045 2139 
6045 5115 3999 651 5301 5580 1581 1488 2697 1023 7161 651 2883 4464 7719 2139 4278 2511 8370 6324 5022 4371 3162 1767 7347 4092 9300 1395 5766 8835 6045 6324 
930 6138 7161 2232 3348 6789 3813 465 372 3069 9300 6138 3534 2604 7254 7626 2976 4743 7719 1395 4836 558 2325 651 3162 558 1860 1767 4743 1023 5859 2139 
651 5952 3534 3162 6417 651 1674 7533 1488 6231 1302 2883 3162 744 1953 3255 6975 5115 0 8835 1023 1953 279 5022 5394 4929 6417 7998 4650 4092 930 2325 
8184 1581 3720 6045 6045 5952 5487 7254 6417 5022 6045 7812 7812 7998 7998 1488 7347 6789 6975 5394 9300 4557 5208 7161 4929 5766 3162 6603 2976 837 2418 1488 
0 1395 8649 1953 6510 6417 186 5859 3441 4371 1116 8184 4371 1581 4836 4371 7440 8370 8277 9300 8928 1674 1023 8277 7161 5859 8835 4836 186 1581 8184 2046 
7998 7161 2790 3441 1395 7068 8091 93 3441 5394 2418 6138 2232 6510 3999 7254 837 4464 7719 4464 837 744 4836 4371 7626 4929 2790 3720 7161 372 279 1581 
8742 7347 186 279 3720 4185 651 8091 6417 2604 4371 2976 9207 8091 3906 6510 2604 9114 7254 3720 6417 4371 3906 1674 7533 4557 372 7719 8835 6789 2418 558 
5952 4557 2511 744 7440 4650 7440 1395 9114 8091 9021 2325 6882 186 3813 4092 6789 5115 4743 7254 8277 3906 2046 3348 8556 5952 3162 2325 9114 8091 7068 3255 
6417 9114 1116 3999 6975 5115 7440 4371 3162 5859 8556 93 3255 1302 7626 5301 2790 6696 2511 93 5487 6975 7533 8091 7533 2232 3069 7161 93 372 279 6789 
837 6882 9207 2697 8091 2139 651 8742 2697 5487 372 4743 8835 7719 4557 8277 7626 5673 2604 7719 651 7068 2604 1953 2697 930 3162 4929 4929 6882 5766 5115 
1023 6138 4650 5952 2604 4557 279 8463 4743 8556 8649 3255 7161 4650 3255 2046 186 7254 93 4464 1302 7626 6324 3813 8742 558 3162 651 5673 1023 8370 3534 
4929 3069 2604 4650 7812 7998 1116 6603 5115 7998 6231 6510 93 5394 2139 3720 7533 279 1674 0 6417 4836 8277 9207 6789 6882 2418 7068 8835 4371 5394 7998 
93 4650 3813 5115 7440 3720 3348 5673 3162 5394 1581 9207 2976 2325 651 8091 5766 5766 1767 372 4650 1860 2232 4371 1767 1860 2604 3534 7533 930 4371 2976 
5394 7998 5859 3162 4743 7812 5766 1488 6324 7719 4929 5580 5766 4185 2697 1116 9021 8928 3999 2883 9114 5859 93 3813 558 5394 4092 7347 8556 0 5487 5115 
2046 5301 4743 6603 93 651 8556 6789 4371 3720 5022 7161 3906 0 8091 1581 930 6975 2418 5208 5952 2790 6138 3441 1674 4836 2232 2139 7068 2976 8835 6324 
4371 5766 3255 5487 5952 2976 3441 5115 930 651 4464 6138 0 7161 1023 0 7719 186 0 6789 7161 3534 3255 4929 2139 8277 4092 6696 3255 5952 8277 93 
4092 837 6603 6789 8370 744 3441 3534 3906 2697 8091 9207 1581 7812 5952 9021 2604 651 7905 8742 930 7347 6324 1860 9021 1674 7254 93 3999 930 2976 5859 
5487 6696 3069 465 9114 558 930 3255 4836 1767 3534 5673 0 6324 1302 2046 8091 8370 93 3720 1023 5022 5208 4743 4557 3162 8742 5580 3720 8649 4464 6045 
372 3999 4929 7719 3441 6231 465 6975 4278 1395 2604 8835 8184 8556 4185 4278 5487 3162 5394 651 651 7440 3534 1953 3255 2418 2883 3162 2418 1860 4650 2325 
5301 3999 1767 1116 5580 6045 0 9021 1674 7254 6696 3255 5952 6882 7998 279 1116 930 8091 4092 1860 2046 7254 7998 4929 4650 1581 0 6231 5208 1209 279 
2418 8463 1395 6975 3348 4557 3906 3999 186 3441 4278 8184 5115 2976 4929 7068 8649 2139 1581 8742 3534 4557 4185 8742 7905 7254 4650 2790 8091 6045 7998 3999 
3255 3441 1674 930 6696 8835 3069 2418 1581 2790 1860 4371 6045 4557 8556 4836 8463 5487 4650 3441 558 8556 7161 3627 8370 4464 6045 186 6510 1674 6045 7812 
8649 6696 5022 5115 8370 4743 1953 7719 4743 7812 8370 6882 7626 5208 2418 2790 930 2046 1209 8649 7626 465 2697 2790 8370 4185 3720 3906 7719 8928 1860 930 
1860 3906 9207 1302 2697 5208 1395 5394 6138 1395 186 2139 7347 7254 2511 1581 7905 2790 8463 6696 186 186 4464 6045 5952 7254 2046 3906 7068 3627 6045 8463 
372 2046 3906 279 837 2232 558 6975 4743 4464 8742 5766 1860 5673 5208 1860 8370 4464 558 1302 2139 1860 3348 4371 2976 8649 7626 558 3534 3255 1488 744 
651 3069 7719 1488 558 6045 3627 9114 3255 1581 1581 1302 9207 8184 8835 2883 7812 372 5487 8091 2232 8091 8556 9021 1116 8370 2604 6045 1395 4929 3813 3348 
1116 2976 4557 8463 1116 8277 6138 7905 930 6324 4650 7068 2604 8370 6417 3906 4557 8835 7626 7812 744 6603 1767 8556 6975 6882 3162 1581 1302 8649 2511 6231 
5673 6882 2511 9300 4185 6231 4929 2511 5766 5766 6975 744 3906 744 2418 465 2604 1581 3069 744 1023 186 6417 3441 3813 6603 2325 4371 186 6603 8649 4743 
5952 93 4092 1860 3720 2232 7626 7161 1674 3906 8928 4929 93 558 9114 8091 6231 6789 8277 8091 8928 651 1860 5487 6789 8091 2511 1581 4092 6882 93 4836 
4557 6975 8556 279 4650 6882 2790 2790 9207 5301 4092 372 2883 1581 558 2697 7533 7254 7440 2325 5301 2139 3906 8370 5580 5673 8649 7533 1209 7161 1581 1488 
6045 6510 4464 3906 8928 7998 6138 7812 930 2232 8184 3813 6510 3441 1023 4929 837 6603 1953 3720 4743 6975 3255 6603 2976 9114 7626 186 651 7998 9021 2046 
4650 7347 2325 4278 2046 2604 837 1023 8091 8556 9114 3720 6510 5022 8277 4464 8277 7626 5859 9300 5208 5580 7068 3162 8370 5301 1674 1209 8463 5766 4092 6975 
7440 930 6975 837 9300 279 3255 5580 6789 2232 5208 4464 5208 279 2790 9114 3255 7905 4929 5859 2046 1116 2790 6696 3999 3162 8928 9021 5208 186 5673 279 
2883 8091 8370 5580 8649 3441 1860 7347 5952 5022 7161 279 7161 2697 2604 6975 5673 837 3720 1674 1860 6231 4929 3441 2976 6045 7905 4650 4092 6789 2697 6045 
5301 6045 3348 8184 6789 4092 2418 1953 5673 8370 1116 8835 3162 7812 8928 6975 3627 5394 7533 558 837 837 2604 6603 8835 1488 5115 5580 4557 3627 9114 372 
8370 4650 3813 3999 4650 1116 6324 3255 5580 6696 7068 5022 1767 5208 7719 5487 6138 5301 6696 6231 7254 4464 6975 9021 186 1395 1488 6324 4743 6417 4743 8835 
8835 6324 5859 3534 8742 2511 7254 4464 93 4278 1023 93 3255 744 186 1395 2790 3441 1209 4557 5859 9300 4464 5859 9300 4185 8184 3627 5022 4371 3162 6510 
3348 2883 6324 6045 3441 6417 0 6231 2790 2418 1395 7626 2697 1302 0 2697 6975 4557 7161 5301 4185 4371 0 1767 5580 651 7068 7626 4836 8556 7812 4092 
7998 837 4929 4185 9300 8091 4278 2139 3906 7161 1767 5487 5115 6417 1953 5487 3720 2139 8184 3906 4464 1116 5022 2697 7347 6045 3348 1023 9300 7998 4743 372 
1209 5766 4371 3069 6417 6417 8742 3162 4929 5766 8928 7719 1395 1581 2232 930 3906 5301 3441 2046 651 3627 837 1860 3813 9207 2511 4371 2883 5208 2883 5487 
9114 1767 6696 5115 5301 6138 7161 6510 4650 5673 8463 6417 7533 3720 8556 8091 6975 3813 7812 5952 8277 279 8928 5952 1488 6603 8370 2325 2976 8184 5952 1023 
2139 7440 8649 6510 1023 2604 5673 0 5673 837 4743 8184 5022 1674 651 1953 3534 2139 6045 3441 3441 1116 4371 4464 6696 8556 6231 3999 8835 930 837 7533 
0 837 1953 3162 8277 9300 4185 3627 2046 3813 7068 2325 7254 3069 6975 3441 3441 3999 3255 4371 8277 5208 5859 2790 5952 7812 8463 3255 1581 9114 6789 3069 
93 4185 6324 5673 4929 6231 5673 7440 6231 8091 7719 186 9207 558 9114 6324 279 2511 9114 4929 2976 4278 6138 1953 3534 6789 6045 7998 1023 8370 6603 558 
5208 8742 6696 2790 9300 4464 6696 4092 8928 5487 6045 558 8742 6510 2232 3720 6975 7068 4743 8463 744 7905 5394 6975 7812 4092 8370 1581 8463 3441 4557 6510 
4836 651 8742 5301 4371 2232 4836 6789 5301 7905 8091 7440 9207 6138 1767 5487 3441 3348 651 5673 8928 6696 4464 1116 9207 1953 651 7905 7161 1023 1209 1023 
4743 7719 837 2976 6882 930 558 5673 6696 7533 5208 7719 3813 8928 2139 8835 558 7905 837 651 6975 5115 4278 6882 1674 8649 8556 3720 5859 3162 7812 4464 
8835 6138 7812 8277 3813 5673 5673 1116 1767 8742 2790 7998 5208 3255 9207 4557 3255 4650 93 8742 9114 3813 3441 7347 2232 3348 4836 1116 4650 1488 1674 1767 
465 8184 7998 651 5394 5580 6603 1116 0 2325 6603 2325 1116 1302 1674 2139 4557 8184 2697 5859 3813 7905 5301 3441 5580 6045 5766 4929 5115 6231 4929 3255 
3906 4650 186 7626 1488 8463 6045 8556 4836 837 7068 2883 1674 1395 5859 7254 8835 6975 744 837 1488 2790 2976 4836 5115 4929 5394 4929 558 279 9300 6696 
4371 3720 7161 2511 1953 558 5766 279 5301 930 1860 5859 1116 4929 3348 6696 4650 1767 4836 1488 5859 5301 5487 6789 1581 5580 6417 4929 8463 7626 744 8463 
4929 5394 1302 2697 1767 279 7533 279 3348 6324 8463 8928 5580 5394 3534 1953 1860 7719 93 3348 465 1023 6231 3534 7161 1023 8835 1302 2976 3162 6789 1209 
6045 1023 2046 1488 9300 930 5022 7440 2604 8184 4185 0 930 5580 7812 5115 4278 5301 6324 2418 2604 1302 372 186 4185 837 4929 3348 4929 2790 3069 2790 
9300 2418 7998 3534 5022 9021 8928 8649 2325 186 7812 1488 1302 3906 7254 5952 5208 8928 279 372 1302 8928 6045 1860 8928 3069 5673 3534 2883 5673 8742 1395 
8184 9021 5115 4929 3534 8649 9300 558 5673 2232 6231 7533 2883 6510 3720 6231 4929 1209 1023 4278 9114 5301 1116 8835 2697 1116 5766 1395 2046 837 3069 9300 
2511 6417 1302 1395 3534 8649 3534 7812 279 6789 8556 3999 2790 6975 744 7161 6882 4185 7812 1674 7347 5952 6324 5208 7347 1023 8556 3534 6882 1116 279 9207 
5208 6510 8184 1488 651 1767 7998 6324 3441 7254 93 0 651 4743 1488 1581 4743 558 2325 5394 2418 6045 2418 5859 7347 6138 3255 1209 7719 5952 3813 2139 
8091 4371 4278 6231 2232 6045 1395 5859 2790 5859 2232 5208 4464 8277 6603 7719 465 279 6603 186 8928 2325 3906 5952 7254 3627 9021 3813 1209 7626 6696 6603 
7533 279 3813 7161 2697 8277 3813 6510 7440 3627 5859 0 465 186 93 5859 5673 5115 8370 7068 6789 3627 2976 3348 1116 5115 93 3720 2046 5766 5022 4185 
9021 4557 744 7161 8742 7719 3162 4650 1395 3999 3069 4557 3813 2511 6417 5022 5487 6882 5766 279 1023 9207 6603 7812 7626 2976 8928 4092 6882 4464 7812 5859 
837 1302 6882 1395 7347 5301 5766 1023 2511 3906 5859 7719 2046 8835 8742 3069 6045 837 5952 2418 3813 186 5022 7347 2790 186 4650 5301 7533 9021 2697 5022 
8091 3999 279 8928 7626 4185 6045 6138 6138 7998 2976 837 4185 7068 4092 4092 8277 1209 4185 9207 6696 2418 2232 9300 2232 3999 3534 8184 4557 8370 8556 5580 
1488 7626 6417 4185 3720 6696 6138 8742 6138 8277 9300 1209 9207 8835 6789 2511 465 930 6882 2790 1860 5766 2139 8370 5208 8649 3999 9207 1023 6231 2232 1860 
3162 7719 6789 7626 5487 4185 6789 9021 5766 8184 4836 5394 837 5580 4743 3999 1302 2046 1488 651 9021 1860 4278 2139 7626 5952 2232 3627 4743 1302 5487 2418 
5208 1674 4743 1953 2511 7254 1209 5766 1674 5301 1860 558 2232 7812 5487 7812 4464 2790 5952 9207 8928 7998 2697 9207 3627 7998 558 2790 7161 1209 2697 93 
3162 8556 8556 5859 7905 8556 6138 8370 837 9300 6603 8835 8463 3255 465 8649 2976 7161 7626 6789 9114 1860 7533 744 6510 5115 4650 2697 1302 4464 6789 6603 
7440 3255 4185 5952 8370 2883 6789 9207 5208 7161 3162 7068 7347 3069 5487 372 9114 8928 2976 5859 1488 4464 837 1674 2325 3441 1860 4185 7812 5580 3720 5301 
8928 1209 1581 2511 2883 7998 7719 8742 3906 9207 8556 8184 5115 6696 2511 279 3255 5487 7347 0 6417 744 4185 5301 1767 4557 1302 4278 5673 2139 4092 6696 
9207 7440 558 2697 1209 1581 2325 8556 8091 8277 5859 6882 930 2139 5952 6789 1116 1023 4650 3441 4929 1953 7626 5208 4464 2604 6045 4185 6603 2790 6696 8835 
3999 4743 7719 6045 4836 2604 2697 744 1395 9021 2604 93 1488 7719 9207 558 4557 6975 7626 6510 9021 2418 6138 1395 0 9300 8370 3906 930 4092 7533 3813 
8277 7533 9207 93 8742 7626 3348 8463 2046 8091 7626 4278 3627 1302 8556 4464 3999 7533 7905 4836 8277 8649 6138 1209 6696 3069 4650 5115 7440 1488 186 4836 
6603 7998 0 6882 6324 372 9207 7812 4185 3162 9207 4278 5394 5487 4743 4650 651 9207 4836 4650 5952 2883 5394 4929 2976 7254 4092 372 4929 5115 8835 4092 
3348 8370 6510 1302 2883 930 0 2790 4557 5673 1302 2976 6138 930 5952 9300 1209 5766 5301 6510 8742 7533 7533 5859 9114 4929 4092 1488 4185 2511 9114 1953 
5859 2976 2697 4743 279 3813 1674 2604 3255 1488 744 3162 6045 6138 837 6510 1767 9207 3720 4836 4929 2604 2511 2418 372 7068 6882 4557 2325 3534 8742 6882 
5208 5115 1674 2976 186 6231 7626 3348 2232 7905 7719 4185 5022 3534 4557 9207 465 465 4464 7812 6138 6324 2976 5766 3069 6510 5487 1395 3999 3906 9207 5487 
3813 3627 3162 1302 3813 4557 837 8184 2418 7347 8277 930 3627 2697 1767 4464 4464 7719 5952 7347 2046 4185 1395 3069 7719 5208 5952 7440 3534 6231 4278 5580 
7254 6696 2697 465 4836 3348 8556 3534 7254 5394 2604 9207 9114 6510 2325 3162 4185 3255 7254 8928 3255 279 93 7254 7161 2325 4185 930 8463 5022 1116 7998 
8184 8835 6138 7347 5580 4185 3906 4557 5208 3999 5673 1674 3813 93 8649 6975 93 2790 3627 2418 7998 4185 9114 279 9300 1767 837 8370 186 4185 2046 2139 
2790 279 1953 5580 9114 8742 3348 3720 4464 4929 5208 3906 9300 93 3255 1302 6324 9114 7719 1581 9021 5580 3348 5766 9300 6138 7719 1488 7998 1488 651 9207 
9114 1860 93 465 7533 8742 558 6882 8184 3255 3441 279 2976 8928 7533 5766 1767 6045 7440 5301 930 8649 4464 3906 3720 1860 5115 5487 7719 2139 2883 2325 
744 5487 6696 1488 7533 3999 3813 8742 5394 1395 2232 9207 8928 6045 465 5115 930 4278 4743 3534 3627 7812 1581 6789 7068 93 6510 7905 1581 186 5487 3813 
6510 6138 6231 0 2511 3906 5580 3534 8556 1395 7440 1023 1488 4185 1767 7347 7347 6882 3534 2232 1302 4278 186 465 5208 2604 3348 7440 6231 3906 8649 5859 
5487 5580 2232 4929 4092 7719 7068 1953 1860 4464 8370 2418 8742 3720 3627 9021 7440 6324 4278 7719 744 5673 1953 0 1209 4092 7626 186 3999 3348 5673 2139 
9300 1767 5301 8835 9300 9114 4278 6045 4185 2232 4557 5301 8277 1767 8277 5301 279 4371 1302 9021 2325 4557 1674 2976 6696 7254 7905 2883 3627 5394 4557 8091 
9300 4371 1674 930 3813 0 1674 3534 2232 9021 4464 3534 9021 4371 7254 5766 6045 3813 8649 2511 3627 8277 5115 6696 3069 93 5580 5859 8928 5487 8091 465 
8370 6231 744 0 279 1674 3906 651 6975 7347 3162 4185 6324 1767 4185 5115 6789 465 3999 7068 7812 186 4092 186 4743 4185 2418 5301 7347 5301 3255 3441 
4743 2232 8556 2325 2697 4464 5394 8463 3069 4185 6138 5952 6231 4743 5115 8463 8091 6789 4650 7905 8556 0 4557 1488 6882 5859 7440 465 1116 3813 4185 3534 
7719 2604 5487 6789 651 2511 186 558 9207 5673 8463 4557 1116 6417 6696 8277 2790 2046 9300 651 4371 6696 5301 6417 0 7998 5673 4557 7533 3441 3906 6789 
6975 93 2232 186 7719 2046 3813 4278 1023 6045 93 1674 4464 2325 93 465 8649 5394 7533 5673 1674 465 6789 7998 1209 279 279 4185 2046 4836 7719 1209 
6603 4650 6510 1302 7347 8463 8277 3999 186 3813 3627 651 6975 1209 6045 2325 5952 3720 6417 2976 8649 4743 3162 5580 4557 8463 1860 3813 279 6045 6789 6696 
8184 3255 4278 1674 8835 4092 7161 6510 1674 6045 9300 6417 3255 2046 8277 4278 651 8649 9300 4371 1674 5208 837 4650 1767 7998 3069 3441 5394 7533 5208 3441 
558 2418 837 9021 7068 7812 3348 5394 5859 6975 1023 7812 4650 3720 5673 6882 6882 6789 5859 9114 5208 8277 1953 1860 1953 1953 8277 8556 5859 1767 8091 5952 
7998 7440 8277 9207 4557 7347 7812 5859 837 2697 9021 6045 372 2883 4185 1767 2604 9207 8091 8835 9021 558 4371 3255 5022 3441 7905 2883 186 4464 6231 9021 
1395 5766 3813 6975 8091 4929 3720 558 2697 4836 7719 1116 2139 5394 4929 4557 4650 5859 7719 2604 8556 3999 6789 1860 7812 1488 2697 5487 3720 651 3348 3534 
3069 1767 7719 1581 1674 4278 5952 5859 9207 6975 5766 2883 6417 4371 6882 7254 8742 4650 2883 9114 837 2883 3906 3813 5487 186 5859 8649 9114 5301 465 3162 
2418 1860 7254 2325 558 2418 6975 558 1953 1488 6138 1860 651 6603 3720 6231 7626 7998 1860 651 186 1302 7719 744 7812 4650 4371 9300 7998 5394 1023 1953 
5487 7440 7905 6975 3534 4557 6045 6975 2232 7626 5115 8277 3162 5952 93 3999 279 2325 4557 4650 2232 1209 651 6045 4371 5301 930 1023 4092 3255 8928 279 
7347 8556 1488 2976 5859 9021 558 6138 0 6231 5115 1860 8091 5394 6789 5115 5115 2232 8556 5859 7254 8742 8277 6789 3162 7347 3999 7347 3627 4464 651 837 
2976 7905 7254 6789 4278 744 7161 7998 6603 4185 3441 9300 8928 1302 930 8277 6975 3534 4185 744 6696 279 7626 8835 2325 837 7161 186 2790 2046 3999 2325 
3999 2325 1488 3999 2697 3627 4836 6603 3069 7254 2697 8928 4929 1209 7347 7068 2976 7347 2976 1395 2139 7161 651 3069 7440 9114 744 7254 8649 2139 3999 2976 
7254 7161 8649 837 5673 1581 5115 1395 5952 1953 4278 3627 8091 558 7440 1209 4278 9114 1023 6975 3069 9300 8091 6696 651 5859 5952 6975 1953 7068 8742 2697 
6510 279 5580 7068 2604 5487 2976 2325 2139 7161 8184 2232 3813 837 651 1488 2232 3813 2790 8742 5673 7347 279 5673 5673 3255 2046 5394 8556 930 8277 9114 
4557 4743 4836 1209 6882 7905 0 6882 6417 7626 2325 837 3534 6231 6045 2046 5766 744 8184 279 744 7254 9207 1116 1767 3906 93 1116 3348 3720 3813 1953 
6138 3348 8463 3069 6696 8277 2232 7347 1395 5673 4650 2697 3720 7533 0 1395 1209 1767 2883 1395 5487 2139 4185 3813 7998 5115 3720 465 4464 3999 651 6882 
1581 5952 5580 7905 8742 6138 1302 5487 5394 8928 1953 8370 2418 5673 7068 2604 279 4557 558 744 93 1488 2604 1953 3999 5487 5208 1116 3534 6789 0 2418 
2325 9021 6603 4185 6417 9114 372 9300 2511 7440 8370 7998 8928 1953 6510 1488 3534 3348 2139 8835 4836 1767 9300 8463 8835 1023 3906 8835 2325 1860 744 2976 
4650 1116 3813 7254 2046 6138 4371 3534 3720 8835 1116 1581 465 5487 2697 5394 2139 2418 651 8649 7068 1953 558 2232 4650 8556 7626 1209 558 2790 7254 6417 
6603 3255 930 3999 6045 3069 744 1581 5673 7533 6231 1488 4185 1860 6045 2418 3906 6696 7533 465 7719 4464 4743 1209 5394 3813 2325 2976 7440 9021 3441 5766 
6045 9207 6789 7347 8277 2697 8184 7533 558 4650 1395 3534 3999 8091 6417 8742 8835 3069 7626 7905 372 4929 1953 651 5115 8463 2697 5766 2697 7347 186 372 
744 6696 9021 6510 3069 2790 4743 7068 4464 4836 5673 8184 6789 6882 2418 372 2976 1674 1767 93 8370 6882 7254 1302 4371 279 8091 4929 7533 8370 4371 5115 
930 6603 7905 7533 837 2883 1395 9300 7068 1767 5859 9114 5952 4743 8649 2418 2790 9207 3348 2511 1023 3906 465 6696 372 5580 2139 4650 6045 3069 744 7440 
8184 5487 6975 9021 1116 7161 4371 5487 7068 186 2790 3813 1488 4278 5580 4557 2790 1023 1302 3534 6603 8928 9300 1581 5208 5487 3162 4650 4743 186 8835 8370 
3162 186 7347 4464 6417 1953 1767 93 4092 1116 8556 7347 8277 7719 8742 6045 4743 6789 93 3720 2418 3534 8835 8370 6603 8649 2325 7719 5580 5115 6324 5487 
2418 2790 1767 7254 7068 2976 3441 5487 1674 372 1023 3162 8835 2697 1116 6789 5859 744 8649 4464 5673 3720 2883 558 5208 4371 1581 3627 5115 8091 8184 8928 
8184 1116 4464 5952 2418 6417 7626 7998 1395 7998 3441 7161 7440 9114 7905 7347 5580 4650 2232 8649 2976 6975 186 7347 2604 7719 9114 4743 6231 4650 3534 9207 
7626 1116 5487 7161 1674 2325 3813 1767 2697 6231 7440 2883 8742 4743 8928 186 9207 3627 3348 7068 3627 651 1209 3906 6138 3348 3627 465 3999 1860 3162 3069 
3906 4743 6975 7068 2418 4929 4929 6138 7347 3999 1488 8277 1116 9114 1953 5301 7719 1302 6975 8556 2883 7533 8091 4557 3627 2139 5115 7533 3348 8184 6603 3441 
1860 6138 7254 6603 7533 3069 2604 6975 1488 8277 7812 5673 8556 372 3999 2232 7905 8649 3999 4836 8370 4836 651 2046 5301 6231 5022 2883 5394 7905 930 7812 
8556 3069 7440 5208 7440 744 4929 837 1674 3069 6417 7719 186 8928 372 5394 0 93 4185 3162 2697 186 5673 2883 3534 3999 8742 3162 5580 3906 2232 837 
651 6603 6324 8649 5580 5394 6324 8928 2046 6231 2790 7626 2883 7905 3720 3999 6138 4278 4464 2232 3255 9114 2139 8649 8184 8556 2232 4836 3720 9114 930 3069 
3906 7719 7347 1395 2604 4836 2418 7347 3162 7998 2232 7905 5208 7626 2790 8277 5208 3813 2790 8928 7347 6417 4371 8742 2325 372 2976 5115 7440 6417 7254 2883 
8091 5673 7347 4929 4185 4464 1116 4464 5859 4743 3720 7905 3813 8928 744 6231 1674 3627 6231 8742 3255 7161 4278 837 5208 4557 4557 2511 1116 3906 3999 7347 
4371 5115 3441 2976 7440 5859 0 1860 1302 7998 7254 9300 3906 279 7161 4929 4650 5487 3348 3255 9021 7812 5859 93 1209 7626 5022 186 1953 6510 4371 5673 
93 7068 4743 651 5580 7440 3069 6789 5208 6882 4650 7626 465 93 8370 1395 1953 6696 8091 5487 7068 3627 93 8184 4185 0 1302 0 4836 7068 5673 8928 
4743 3813 8184 3999 4836 186 558 1581 4929 2604 9207 5487 8835 5487 5766 2883 4557 8835 4836 1488 5580 6603 5952 6417 2697 5208 9207 2325 5022 1488 7068 8556 
5487 8463 4836 6510 8649 7440 4836 3627 8556 5394 2697 7719 4371 3069 279 2232 2604 6975 7533 7998 2697 2418 1767 3255 93 5487 5394 1767 2232 1860 6417 2511 
6138 5580 4371 186 3720 1023 2976 8835 1116 2139 9114 1674 8928 3255 4650 6603 651 3441 5301 1488 6789 8463 3720 8463 8091 1860 9300 1488 1860 7068 4743 5394 
837 5580 1395 6975 8370 7533 6417 186 8277 5859 6231 3627 3534 5487 6789 3162 7905 7533 2511 744 1953 4929 2604 4650 3348 4371 1674 5115 1581 6603 4464 1674 
4743 744 2976 2232 6231 1023 9114 3534 4743 2139 2976 7440 6510 9114 7719 5394 1395 1674 3534 3348 6138 7626 8649 9114 3348 4557 2883 3813 7719 1116 8463 0 
7347 4464 3255 7347 837 8463 7998 6696 1581 6975 2232 7812 7347 6510 1767 3069 6138 9021 1395 4743 6417 3255 8091 7998 2790 5952 5952 4557 558 8649 2046 2139 
930 3255 279 3627 2604 744 465 3720 1860 1209 5301 7254 5766 7161 5580 1302 9207 5022 3255 5208 8928 3069 5208 2325 1395 3441 1302 372 7812 1674 1674 3255 
5580 1953 8370 7719 2976 6975 2418 7347 2511 9114 5859 6882 4371 558 3162 1674 3348 3534 1023 6696 2697 1860 9207 3999 3069 6417 7533 7812 930 4371 93 1674 
279 3720 9207 465 4092 2418 3069 3720 837 1116 4185 8835 9021 837 2697 8370 8928 1674 7812 5115 5766 4929 8649 651 3441 5766 2883 4836 4743 3255 4371 1581 
6789 7626 8649 5580 6324 9021 4743 5952 2697 3255 6603 3906 9114 2697 7533 2883 4371 279 3906 5487 8184 2232 6324 8835 3441 1023 8928 8277 4836 4929 7440 1302 
5115 1488 1860 8370 4092 5022 4371 1116 8091 1488 6975 3906 186 6045 8091 5859 8928 1860 3720 0 2883 4557 3906 7533 1023 558 7719 651 93 6603 465 372 
4464 7254 8928 5301 2418 1674 8184 6975 8091 6510 5952 6138 4650 2232 8091 1023 1395 744 6045 3441 1302 2976 2139 2976 2790 5115 5394 9114 5952 2604 4371 2976 
2232 9207 0 6231 2325 4836 5394 6696 4371 3441 4185 7626 2139 7719 5394 5394 8742 2046 4557 7905 4278 7068 5580 4185 4650 5859 6975 7626 4929 6231 6603 6789 
7626 4743 3813 2418 651 7719 5487 6789 1116 2511 558 5859 3069 8184 3534 2418 2232 1116 7068 5766 1674 4557 4650 7533 5859 8277 6882 1023 5952 9021 7254 4464 
5022 7440 1581 6603 3441 8649 1116 7812 6789 4743 9300 4743 5022 9114 1953 1209 651 6975 6789 7719 6975 2046 8835 465 8463 4092 8835 4836 2325 5394 4650 1953 
4743 5301 1581 7719 8742 3999 3534 5208 5673 651 7719 2976 1488 2418 4464 4650 2883 6138 7905 7626 5115 1116 3906 2139 2232 8184 1488 8742 6045 6324 1023 6417 
930 8277 1302 2139 279 1116 5580 8835 3720 8649 3441 7905 1488 1023 6417 5115 6231 8277 1860 1395 5301 5580 6138 9114 1488 2139 2139 8742 837 7905 5301 558 
1302 1488 2046 837 7626 6882 8649 1116 3906 6045 5952 9300 4185 279 6789 7161 3534 1488 1116 93 2976 8277 2232 2511 6324 7626 186 1488 8835 2697 3348 1488 
93 5673 2325 4278 7812 1395 6975 6603 1488 9207 1767 9021 5580 5766 1302 3069 5673 4092 3534 3162 5580 8835 2232 8742 8556 3906 6324 6975 3348 4743 3162 6696 
7068 6138 5580 2790 7347 9300 1116 2697 8556 6603 8091 1116 8091 93 4464 8091 8184 3813 4464 465 6045 2139 9207 1581 1302 6510 2790 2511 4929 4092 7533 1581 
7440 9300 8556 5115 465 6510 4371 3906 3720 6510 9207 6975 7533 3348 0 2790 8835 1953 186 4092 6417 0 7254 7998 8184 8184 7347 4836 7161 1023 4650 6510 
3255 2139 3255 4929 5022 2883 7998 5301 3999 7812 8556 8556 5301 1581 6975 6417 1674 8463 2604 3534 2697 1023 3348 8928 1116 6789 4743 4092 2883 8091 4185 1488 
6417 0 8463 1116 1953 6603 5022 2976 1023 8742 93 372 1395 3534 7998 1581 2232 5022 1581 4185 6045 6882 8277 1302 9207 8277 3069 8649 8928 4371 6882 2418 
9114 3255 3999 2046 1767 4557 3906 3441 930 8370 6603 1395 5766 2883 1302 1395 7812 651 7812 1302 8556 279 7440 651 6603 2046 4557 7998 3627 1023 9300 8835 
8184 6231 4836 0 7812 2976 558 5487 2697 6510 4650 2511 4743 2046 2325 1023 8835 4650 4371 9300 4185 8277 7440 0 2511 5766 3906 8277 2883 7440 3627 1023 
4278 2511 4557 5487 5394 3534 8835 837 7068 6789 8370 1209 5022 5394 4743 93 3069 5487 1023 9114 558 3627 6696 5487 3348 6696 5208 7626 279 3534 2604 2418 
1302 3162 4650 5859 2046 8091 3627 8370 558 1395 1488 7254 8184 7533 7905 4743 2139 5208 4557 1953 1953 6324 7719 8370 1116 372 7254 6603 7533 8370 4650 7440 
1488 6882 4650 4929 9300 1116 4371 8277 7533 1581 6696 279 186 3627 465 9021 1209 6138 3999 7905 5766 6510 9114 5766 2046 837 6603 7161 558 4185 2046 2883 
6324 6417 3627 3069 7533 8370 1674 8463 8184 0 9207 8649 7347 4929 4185 5301 6138 3255 5394 7533 1488 5394 6324 1116 7626 465 1860 5208 7068 1488 8463 2325 
2325 5487 2790 1302 3069 8463 1209 1674 2046 5394 6045 1767 5208 8463 930 4185 3534 3906 6324 651 4185 7719 4557 5487 4092 3255 1581 6882 6975 3813 1860 6696 
2697 3627 3534 3720 6417 5673 8184 7347 6138 8742 5859 4557 5766 3348 7533 6138 7998 4557 837 465 1395 6789 5766 837 651 3255 6510 4557 5115 5580 930 8649 
4185 2046 8277 5115 6882 8463 2976 2511 3441 7440 8556 4278 3255 2511 8928 4743 1023 3441 4743 9207 2325 3348 4836 5394 8556 3534 3813 7533 4278 1302 5766 1023 
3906 9300 1581 2046 8649 4743 3720 6324 3348 6882 1023 3162 7905 1302 8091 8370 3906 8091 3441 4929 279 186 4371 1302 7719 8184 4185 3906 5859 1488 3534 5301 
2790 1581 4185 6882 4464 5394 7161 6789 1488 9207 6138 2976 837 837 930 7812 6882 7905 6417 7347 4650 2418 8463 5394 8091 2697 7905 5394 651 4371 1767 7440 
558 1860 9021 1116 7626 2976 4650 6138 8835 8835 6882 1395 6696 7905 5394 7719 7905 8556 2046 3906 1581 4557 1767 2604 5766 3069 7533 0 9114 4557 2232 8463 
1488 1581 651 5487 8370 7719 2139 558 3255 1209 5487 744 5115 2046 5952 8928 6510 1674 4371 5487 3069 1581 3069 9021 8742 6975 8370 837 7068 5673 4464 5208 
5301 3255 1767 465 7161 3627 6882 7440 4185 1767 93 7347 2418 3162 3720 2232 930 4836 3069 8091 4743 8835 8556 1302 4650 2790 9021 4743 5487 6603 5487 7905 
2232 8091 2976 5022 6882 9207 5673 8277 1116 5952 6975 9207 7719 3162 3906 372 7719 6789 7068 1395 8091 3627 6324 2325 1395 4836 2511 1860 6696 5859 8742 0 
3441 9207 2139 372 5859 4557 5766 930 1953 4092 4185 2418 372 2232 4743 8556 6603 7905 7347 5673 2883 4929 4371 4929 5208 1581 4185 7161 8277 6510 7905 7440 
651 651 5952 6789 1581 8556 1209 1116 2418 6975 744 2046 5952 3441 6417 5673 1767 2604 1674 2418 5208 5115 4464 4836 7068 837 1209 8463 8091 6696 7068 5022 
186 4185 1116 6324 7347 9021 2604 8184 7626 5580 3255 6417 6789 5301 2418 7161 4371 1581 6138 2604 8649 7905 4464 7998 8370 2418 465 5859 4557 2325 4278 7347 
3441 1209 1581 7998 5394 4092 372 4743 2790 8742 7068 7626 6231 1302 6975 7905 1953 8835 3906 558 8835 8835 9114 5394 4185 3627 6231 8091 1953 8091 2418 6789 
1674 8556 372 3720 4092 2511 2976 1116 3999 6045 5766 837 6696 1581 1581 1302 8463 3813 5115 186 1023 6603 7998 186 8928 6603 7626 6603 8370 3348 6138 7440 
4185 837 2325 6882 2511 4092 3441 2697 1023 6882 8184 8184 8556 372 7254 4371 1116 6975 1767 3720 4371 4371 8649 7905 6975 7068 5766 8742 3441 7533 651 1488 
6417 7068 7626 3813 1209 558 372 5859 651 4092 7626 8835 3534 9021 6603 1767 2418 2325 3906 5673 1302 8835 7254 6603 0 7719 3534 1395 4464 7812 4836 5301 
5952 1023 558 5580 2511 279 744 2697 2697 6324 5022 2976 5952 465 7905 372 465 6789 651 1116 5673 5487 744 1767 2511 7068 2418 2511 1953 6417 4650 2511 
3534 3441 1860 186 279 5952 186 2976 2046 4836 2325 1023 7533 7068 1023 3348 1395 9300 0 2046 8463 4092 6603 93 6417 7533 2976 3813 4836 930 5673 3627 
6882 2139 5487 4464 9300 3813 651 3627 7905 5766 7347 3999 9021 0 7998 93 5301 3069 5022 2139 1395 651 6324 6882 6045 2790 2139 8649 3999 3720 4650 3720 
6417 4929 5115 4092 3999 5766 3627 8463 558 279 4092 2883 1116 4092 4836 7254 3255 2325 7440 8184 9300 1581 3534 8184 9021 930 5115 8184 7161 9207 8928 3627 
558 9114 2604 2790 3255 6231 2790 3720 6882 7161 4278 3534 9207 5673 3348 4185 4557 6510 5766 3534 2325 186 1581 8463 1302 1953 9300 8742 3720 3720 4371 1674 
2976 6975 1581 6603 4650 2976 6975 6882 3162 5766 2697 7533 279 7068 6045 0 7812 465 558 6789 7254 1488 1581 558 1488 8928 3441 3534 837 1953 1953 651 
1395 3906 1209 3348 6975 2418 6603 6417 7533 186 3348 4836 2139 4371 3813 8277 9207 930 8835 3534 1674 1674 3999 6603 3906 6975 9021 8370 3255 0 8277 4092 
6324 3720 8370 7254 4464 3906 4371 7998 5952 9300 7347 4557 3348 3627 8928 3162 279 7905 3813 7905 6696 4557 8091 8370 7626 9207 186 8649 558 5859 9300 2046 
7719 4929 4650 1488 2139 8370 1395 4185 2790 8649 1953 7626 7626 8184 3627 93 8835 9207 3813 837 186 1767 1395 9300 4185 6231 651 1116 4371 7161 6789 7812 
930 8277 744 372 4650 2883 2883 465 1116 9021 3999 5301 3255 5859 3348 6696 372 465 7626 1488 2790 930 5952 4092 5115 3627 3162 4650 3534 8091 6696 3999 
5301 3255 2883 3720 744 4650 1302 8370 4185 5766 3441 9207 7347 1116 4743 9114 3627 3348 6510 6231 1116 4185 7905 6696 3534 5487 3069 7812 2883 1860 3627 9021 
6045 6417 93 4650 186 4557 5673 4557 6138 1302 2139 372 1395 5208 5952 8370 5952 2139 3441 6510 2046 1953 744 4371 9207 2976 4371 5580 2790 4278 9207 7347 
3534 5580 5022 1395 7533 186 8277 4743 1488 5952 4464 6975 837 8556 6975 3348 7998 3720 3255 1395 8091 3999 5022 465 4464 930 4278 8556 7719 6510 1023 7719 
8928 1488 4278 2883 6138 2511 1116 7998 1953 9021 8277 6138 4371 837 4557 4929 7905 6510 5022 5487 8277 1395 4278 558 5301 9300 930 7254 7068 7905 7533 6882 
3069 4278 5952 8556 1116 7161 372 6138 7998 6696 1116 6231 7626 2511 279 8556 7068 2604 7719 0 8556 6138 1581 1302 5580 3999 1209 6696 6975 3813 1116 7533 
2790 2697 465 8835 6138 4650 8184 5487 7254 5301 651 8277 7812 2418 3906 1209 4836 2697 3069 2883 8928 651 5673 7440 465 2232 744 5859 8928 9114 6417 8091 
1395 4557 1116 1674 4371 5115 5394 8649 7905 5580 2046 5580 3627 0 558 93 9207 4929 3906 3162 1767 8649 1581 8928 5487 8835 6882 7719 2418 1953 2511 7812 
930 3441 8184 3255 5673 3069 6696 5952 6045 7254 1488 744 1860 8370 2046 930 465 2139 6417 1023 4929 3348 8649 3813 4278 1674 1860 6138 3906 651 279 7626 
4836 5301 3069 3441 2232 4092 4836 3534 4557 5487 3534 8649 6417 2697 2325 1209 4929 6696 6324 6138 4650 5115 7068 2697 2604 3441 2325 1116 6510 3627 8649 1488 
2790 1674 2511 3906 9300 3813 2325 5022 7719 7440 0 5673 93 5115 5487 8649 4371 8835 3255 1953 5859 4743 9300 6045 4557 5487 7905 6603 8370 3255 6696 5859 
4185 3348 5208 2790 8184 3999 279 2418 4929 651 4278 2697 5580 9207 6324 4557 4371 5766 1581 6603 1860 2046 7626 4929 5394 6789 5487 1395 4464 7626 9300 4371 
3906 8928 7719 7440 3627 372 8370 1302 4092 6882 8463 7533 6045 3348 3627 1209 3906 5394 4185 8742 2790 372 186 1860 6231 6417 837 1860 465 1116 8835 2046 
1953 1953 6603 7533 4371 0 5115 744 5301 6882 3627 9114 6789 3162 837 8835 2325 1023 5394 651 9207 2139 9300 8463 5487 3441 3162 7719 3162 1395 8928 7161 
5766 6324 6231 0 6045 930 7905 9300 2046 8277 279 8277 837 3162 7254 4185 4371 3255 4185 6045 1395 8463 2325 3534 7905 1674 3255 9207 3627 186 4464 1395 
186 93 7440 1767 4185 2046 8091 1116 6882 6603 5394 5208 930 9207 1023 6138 5394 465 1116 8835 7533 6975 6324 4557 5673 7998 8370 4371 6882 7254 6975 8184 
2418 7347 5301 4929 372 5301 5673 1488 1209 3069 8370 5580 8370 6510 4464 5115 6696 3999 1860 8370 7347 4557 4836 93 1302 6696 8463 4464 372 3348 6603 7161 
4650 279 3534 9021 8184 558 6789 0 651 1395 8277 744 7533 744 5115 6696 7068 5301 2790 2232 6417 3348 8835 9114 6510 1674 3627 744 1116 9021 2232 5952 
7254 8091 6789 3069 8556 8091 6324 3069 1767 651 7347 1116 651 7068 7068 186 8649 4929 2046 1767 4464 837 4464 279 8928 5394 6603 4464 1581 744 5673 1395 
2883 4836 7347 2790 279 7533 1023 5301 3441 3999 6975 6696 279 7440 1395 9300 1116 2139 930 5208 2604 7998 2790 3069 1395 5952 8556 4836 5580 1953 8091 3534 
8742 1116 1488 186 3906 744 6324 8556 5673 8649 3813 7254 1116 7812 1767 7347 0 837 465 7998 8370 3906 372 4743 5580 1302 8370 5301 5208 4278 4557 6789 
279 5580 4092 2604 3348 372 8370 6045 5766 6231 465 1302 2697 6789 1488 2790 7719 465 4836 3441 930 3906 4650 8463 5022 9114 2232 7812 930 3255 6324 5673 
9021 2976 3813 5673 3999 9300 5673 8091 2604 4371 7719 2604 465 1767 744 1953 3720 2604 3441 8556 7347 3906 2883 8556 1674 372 6696 1488 1302 1023 6975 8184 
1116 4464 3906 93 4185 6789 93 3999 3999 2325 1581 1953 0 5673 2976 5859 7626 7905 8742 4929 1209 3534 5580 9114 8835 2046 3813 3441 5766 6696 1302 1116 
1581 6510 5301 1302 3720 6417 2790 6603 1767 3534 930 5115 7161 1302 7347 3441 186 4464 2232 3999 2325 4371 8556 6696 3441 3069 186 4650 1767 7161 372 6696 
4371 8649 3348 372 1767 7068 6138 3999 7626 7347 4092 1581 3813 4557 2976 5766 6045 8928 8091 6789 7440 3627 8370 4371 6882 8091 4464 6789 4092 7812 2139 2139 
7812 186 6603 8928 93 930 4743 5487 5673 4743 186 1953 1023 1023 558 4743 5301 4557 8277 4929 3999 8091 2139 7905 3441 3255 372 6882 1488 9021 1767 7068 
5580 372 1023 4929 558 7254 3906 5952 6324 1395 4557 7812 4743 7533 6510 3627 3906 8463 1860 6603 7719 5301 3813 1116 3255 7626 3534 6603 8556 1581 1395 6789 
6417 837 5952 3255 8835 7440 1209 4743 7254 7998 465 1674 7068 3813 4650 2418 6231 3720 2511 3348 9300 8091 5580 465 5580 1488 7440 3813 2790 8649 279 3162 
5859 7905 8742 7626 1953 2418 8277 3627 465 3348 6975 1023 8835 9300 7440 2139 6045 651 1116 2232 1860 3441 465 7812 8649 8556 2139 0 1581 9114 8742 5022 
1395 6603 8091 6789 837 186 7905 1302 6324 9207 6789 1488 6045 1581 558 8556 5022 2232 8184 4743 7254 7533 6510 279 8277 3255 4650 7998 465 465 1953 558 
4929 4929 7812 8556 8091 7998 5859 279 5394 8370 4185 2418 9207 5394 651 5301 5301 2325 2790 8277 1302 2697 93 3906 8091 5766 3720 465 3720 9021 5022 93 
3255 3441 8184 93 6231 5115 93 93 5673 2139 8370 7347 1209 5766 5580 1023 8277 2790 5394 651 4278 4278 2976 5952 4557 1488 6882 6510 5859 6324 1488 279 
2697 4371 4278 7998 7440 4371 8835 3069 4092 0 7161 8370 4185 1395 4650 3720 2046 8835 3906 2976 2232 6789 5115 93 7719 9021 8277 5394 1488 5580 8091 2325 
3720 8928 5952 7533 5115 3441 6789 6975 2883 6789 1302 3720 2325 5487 1302 6324 744 558 7626 2139 3348 2511 5766 558 3813 6510 1953 7719 5673 8835 744 1023 
6882 2139 8370 3813 8928 3069 4371 7161 6510 5952 558 8277 4278 372 2418 9207 8928 4557 8742 4092 7998 5952 2883 7254 7998 4557 2325 9021 5766 3999 5301 1674 
1953 7533 3906 4836 5208 3813 5766 9114 3720 5673 2790 1116 6882 3999 7626 1581 8649 9021 6510 2232 0 7812 6417 8370 8742 7533 7068 5301 3813 7998 6696 5115 
1581 6882 651 6696 8091 1674 9114 4743 5301 1209 2325 2046 4650 1953 2232 2139 2418 0 7161 2697 3255 5766 9300 5580 7254 4743 6045 7812 465 4743 5859 1488 
6417 4743 5487 2883 4836 5580 3441 5859 8556 6231 9300 9021 5301 2883 3534 7161 5301 8184 0 837 3348 9300 279 5394 8928 3720 7440 5580 3255 651 7905 4185 
1860 7626 3720 5859 6045 9114 5208 8277 3906 4092 8649 279 372 7068 8649 5487 1209 8277 7068 0 6417 8649 2325 5673 8742 3534 3441 5301 6231 3627 5487 3255 
1302 2790 2139 3720 837 1488 1767 1302 7626 7440 1674 3255 6882 4743 1767 8370 930 0 4743 4278 1953 4650 8649 6324 837 4371 1767 5394 372 6324 4278 1674 
8091 2325 1581 1023 2604 4278 8091 3069 8556 9021 7533 9300 93 6231 4092 5580 7719 3069 372 6510 2790 558 2046 5208 4464 2418 1860 6789 4557 8556 2697 3906 
1023 372 8649 5766 5115 7161 1767 6324 5580 5022 3720 744 7440 372 4278 5580 1953 8184 744 8742 6138 4464 5766 6975 4743 1116 3441 2697 6138 6324 1860 93 
7440 2790 3162 9300 3999 7719 8370 8091 2697 9207 186 1209 1209 2139 0 1116 3720 7533 6603 7161 6324 8370 2418 3813 465 5766 3534 651 7347 465 3720 7161 
9300 4743 5022 8556 7626 1209 8277 7440 7905 1674 558 1023 0 2790 3069 2790 4836 7626 4464 5022 8370 6882 8370 5673 5487 3999 3162 1023 1860 7905 7533 2418 
6510 3813 9114 9207 0 2790 8835 279 9300 3255 3441 2883 2697 7254 2046 4929 2139 558 6045 1023 5208 6231 8835 5115 6696 837 5208 2511 5208 2976 2883 744 
1953 1116 8835 1674 9021 3627 7812 744 8649 930 5580 4092 4185 5766 651 3069 8277 9114 3162 5952 2046 4464 6696 5673 2604 7719 1488 7347 8649 9207 3906 2604 
651 9114 5673 465 5022 3720 8091 2790 7347 7533 7533 6975 5394 5208 5022 6603 1023 6696 0 7440 7719 2976 8463 2418 7719 4743 1860 6417 9114 7812 9114 6510 
5580 8556 3441 1581 3627 9207 279 6231 6510 6324 1674 1488 7626 7812 3720 6231 3534 5208 2232 7905 2511 6138 4557 5115 1395 4836 8742 9021 837 3627 7347 744 
5115 1488 8649 8928 1023 4929 2325 93 5115 3906 4929 2790 4278 6324 6975 372 2697 2883 5208 4185 3813 1674 9114 7440 3162 6231 4185 4278 4836 8184 279 7626 
8742 5115 4557 7533 186 6696 2604 3999 1023 3069 4557 2418 6789 4836 5859 7812 1116 186 1674 372 3069 465 6975 3069 8184 5487 8742 7068 8742 744 7068 6045 
7905 2232 2976 2139 2046 8184 9021 7812 1023 6324 5487 744 5766 5208 2232 7905 1395 6417 3162 3441 4557 3999 1767 4929 2883 6231 7347 3813 1767 4092 7533 5487 
4929 6417 4185 3255 7533 372 5301 930 1023 3348 7719 7347 1953 558 0 186 6975 3255 8091 8649 3255 7905 4836 5208 5022 8091 2790 1953 7440 3255 4371 1860 
1302 2790 5208 6231 4278 2511 2697 465 279 0 6417 744 3720 1767 7440 837 4185 4371 2697 465 5487 9300 9021 186 8370 2232 3813 2976 7533 2232 6510 3255 
1209 9114 3534 2883 6975 6789 9207 6324 2604 8649 4185 5115 4371 2325 186 8835 4929 372 3534 8184 9114 7533 5301 7998 5487 8928 5301 8835 4836 9300 2046 4557 
2790 5580 6138 8184 9114 5580 2511 3255 9207 4557 5394 6417 279 558 6324 2139 7161 5115 3999 186 4557 5580 3720 2046 3906 7626 4371 2325 2790 9207 6603 2604 
1395 558 6882 5208 8835 465 9300 1860 4464 9114 5022 3906 5766 3348 1860 4836 1581 1023 2046 1395 3627 5952 3813 7068 7533 4092 8556 3441 2511 6510 2139 4092 
2790 9114 1860 1581 2790 93 7161 2325 3813 6789 6045 1488 4464 8928 3069 5394 5859 6603 2883 7254 4836 6603 7905 5115 5859 6045 5580 5301 7068 8091 7626 5301 
2046 837 2697 8835 1581 5487 5115 1209 3906 2511 1488 186 4092 3999 6882 3162 2046 9300 7533 2883 7905 5022 2790 6882 3720 5952 6789 1302 1860 7068 5394 9021 
3627 9021 6417 1116 0 6696 4929 3534 1767 7068 5115 1767 6789 2511 6975 744 8370 2232 6882 1488 4371 4929 1953 5859 4464 3627 7161 4929 1395 2325 4092 1860 
1674 5673 6231 6789 1116 4092 372 1581 8463 5394 4743 6045 2976 1023 7161 0 6603 5487 9114 6045 6138 8742 3906 1395 7068 5952 3999 9207 1395 8556 1209 6882 
1581 7812 7068 5394 5766 3720 1581 7533 93 3906 7719 4092 5859 6510 5766 1395 7161 6882 4278 7068 4650 7905 7161 8556 4557 7161 8742 4464 930 4185 558 4743 
930 7254 5301 2325 5859 9207 1767 2976 4929 4371 9207 5301 837 4929 930 2418 5208 7161 2232 4464 2790 8649 5487 186 5766 3069 2604 4650 3348 1302 8091 3999 
3069 3906 8463 8649 6231 1209 5766 4743 5022 5115 6231 6789 1395 7719 6789 7068 5394 4650 1674 1860 5487 1116 3906 279 2418 8742 465 3534 5115 5673 1767 372 
6789 2697 558 837 1767 372 1488 8184 93 279 5394 8928 9300 4371 4929 8928 7254 1116 3906 2046 5208 5301 9114 4092 1023 1023 5952 7719 7347 4185 5115 6324 
6417 7440 9207 1395 5487 1116 6789 5952 6882 3999 8463 3813 1953 9114 7347 6138 1209 2790 2418 7533 4929 7998 6789 3255 8835 837 1488 1395 8463 1302 5394 7068 
4743 2511 3069 6975 1302 7998 4092 3069 5487 5208 8742 4743 3348 7347 3720 0 8184 5952 5301 930 8463 6045 3813 8835 9021 2325 6882 2418 5208 3348 7905 8463 
5208 2604 4743 3162 6045 6138 6417 7719 6138 186 6138 1209 5580 2883 3069 7998 8370 6696 1488 6324 8277 6417 1953 2883 3813 7905 2697 3906 5673 5580 5673 5859 
1767 3441 3348 1767 7161 7719 2790 1674 4743 1767 1209 7998 8556 3627 4371 4278 8835 651 8928 5487 8928 7719 9021 4464 1302 8463 7440 4092 2976 6324 2976 6696 
7068 5952 5673 5673 558 2790 5766 6510 1116 651 1488 4557 1302 2046 4836 3720 8556 2046 1860 4092 930 8091 1023 8463 1302 93 2790 93 7440 1860 9114 3627 
4092 372 7998 8556 7068 2511 6882 7533 7719 930 837 2604 1860 1395 7533 0 5580 372 9207 5487 7068 3348 2139 8277 0 7626 6231 5766 2232 4185 0 93 
837 2139 5766 2232 4650 2604 7161 8370 4743 558 3906 7440 6324 1581 279 7812 8277 1860 9114 2418 2790 6231 4464 8463 186 2883 4371 7440 4464 5859 5580 1209 
2046 93 1953 372 5766 4464 1767 6138 8556 2883 5952 2883 4557 8835 8184 2976 5394 5301 3348 1674 5952 558 1674 1023 4743 5208 7626 3255 4092 7068 1395 1860 
4371 6510 5766 930 930 2232 1860 1860 837 3441 9207 1860 279 2418 3906 8370 3906 1488 93 8184 837 7533 5487 6510 5766 7719 9300 0 1116 5766 5301 2418 
9021 2232 6231 5208 1488 1767 9207 9021 6138 6882 5766 7347 2604 5394 651 3720 6603 6975 1488 930 5115 7161 4371 6138 2511 5766 8091 930 2232 3069 2232 4371 
1674 6975 6510 3255 6045 1116 1953 5487 5022 6975 8742 4464 1209 93 2883 4557 6510 1767 8928 3255 2232 6510 6417 93 3627 3720 4092 8184 7161 2139 3162 1767 
3627 5115 1488 9021 7812 0 2139 2139 3348 8649 1581 651 7254 1953 4278 3813 6417 2976 2139 4278 5673 4929 6696 4371 1860 5952 1116 3534 1209 4185 2139 4743 
930 1767 5208 6324 2790 2325 5952 4743 2325 2511 4557 279 2883 558 3720 5952 3627 7347 4464 2232 4371 7812 6603 1116 2046 4557 744 930 8277 2697 8649 1674 
0 1116 3627 4557 1209 5208 930 3999 930 7905 9300 6975 4650 1209 8370 1674 7161 279 8742 5766 1116 3162 4557 1767 3255 6975 4557 4185 7440 9021 4092 2697 
2232 4278 6882 5673 4650 6789 7254 4836 3999 4929 4650 4557 6696 744 7533 1488 1860 5115 3813 4929 2511 9114 3627 4185 1581 1302 186 4464 2139 186 2697 1767 
6510 5766 5766 7998 4464 6789 1767 186 2139 7161 8463 4929 5115 651 1023 7068 8277 2604 7998 1302 5115 9021 3255 4836 5394 3162 9207 6696 930 1302 2139 1860 
7440 744 3348 1395 930 7068 5208 8649 7626 9021 8277 1488 7812 8463 8277 2976 651 1767 8742 1488 4464 6510 3813 1953 3255 8742 4185 3720 1953 3534 2325 2697 
4557 8556 3999 5766 2883 651 0 6882 9207 7719 8835 8649 4092 8091 837 4278 4371 7719 1209 3627 4650 4092 930 3534 5859 1488 465 3999 6696 837 7905 5766 
1116 2325 8091 5022 1953 8091 558 5208 9207 2976 2883 5301 2976 5673 6138 6696 4557 5673 2511 4371 5394 8556 7254 5487 5115 5766 9207 5115 6510 1860 2604 7905 
3906 9114 6324 651 7161 6417 8742 744 8184 1953 4557 2604 3813 8091 6510 8928 3348 5394 2046 4092 1209 4650 5301 5673 93 8184 1953 8556 3534 6231 6510 372 
6510 6975 2418 8463 4557 186 1302 4464 1488 8835 3162 0 1302 1860 2139 3441 2697 8556 8370 1767 279 1116 8742 9207 5208 7719 1953 1488 4464 6510 1953 6231 
3906 0 2325 4743 9021 0 9114 4464 2511 3255 5394 744 8928 5952 6045 4464 6045 2976 1581 8277 7533 8463 7068 4464 2790 8928 2046 5115 93 5580 3534 3627 
93 5208 1116 6510 7998 2976 2604 1302 6696 279 1116 558 8742 6231 4278 651 2418 8370 9114 0 3813 2232 7254 2790 3348 8556 9114 8649 5301 2046 5580 7626 
1860 8835 4929 7998 1767 9021 8184 6975 558 2883 1953 1581 7626 8184 8370 5487 2046 9207 2604 6045 9207 7440 4464 3348 6975 6045 93 6789 6882 6510 4092 5766 
5301 6045 4557 6975 5952 2511 4836 7254 2697 5301 5115 5766 2046 2139 7812 1953 6789 7533 372 8184 3534 2697 8742 1767 1674 4650 930 2604 4092 4650 558 3255 
1395 8742 4371 5208 2976 0 7626 7626 0 8277 7254 93 8556 2418 4464 2604 3162 1860 558 6138 3906 7254 9114 9021 372 3441 3906 3348 6417 5673 3348 4464 
4464 1581 9021 5115 6603 5208 3348 3069 5487 6045 2976 6882 2883 651 5022 8370 651 3255 4278 93 372 558 7347 7254 2790 6417 8835 9300 5301 7533 3720 6603 
5766 1302 8277 4371 2697 8928 4836 5115 7998 1116 2790 3441 6138 7347 8556 8835 3720 3069 3627 744 6975 8277 5301 0 7626 186 5115 2325 2697 6975 4650 4092 
7254 8835 4464 2511 4650 6510 7998 8742 8463 744 6882 5487 4929 1023 3069 2418 5394 2046 2325 6045 3534 6696 5673 4650 744 7905 5487 465 5394 7905 7068 2139 
8463 3627 9207 558 651 5394 7719 4743 8928 9300 3906 5301 279 5487 6882 6045 2046 5952 3720 7905 558 1488 1302 6975 3255 744 8091 8556 3255 1581 1302 6231 
5022 6603 6975 7161 5022 2046 2976 7626 7812 9021 3069 372 279 3348 6138 8277 2511 2697 7161 8277 2697 8649 2976 93 8370 4092 8649 465 3813 6138 5766 7812 
8649 3255 1674 6138 5952 186 5208 5301 5394 3441 7254 7533 1581 7068 4929 7998 8277 5952 6231 2976 465 6696 3813 3255 2976 837 1209 1116 5394 744 4464 3441 
93 372 8835 6882 1953 8184 2976 5301 6789 9114 4092 2883 9207 1674 5487 6231 1209 1860 3162 7626 1860 465 1488 7254 5673 8091 6417 6231 8184 0 4929 6324 
1116 8463 6231 8835 8184 5301 8184 3627 5394 2511 3906 4650 9207 6789 2511 3906 8277 2790 93 7533 9300 7998 2790 2604 6603 5766 1953 0 4650 9300 1116 7440 
8649 93 6138 1767 3162 2046 7533 6138 7068 8091 6696 6975 4278 7626 8184 6789 3069 8556 2511 5301 8556 1581 2883 1023 8463 6138 8928 930 9021 8091 3162 2046 
1209 9021 4278 7719 2883 1488 4836 1302 7719 1860 2511 7161 5673 5115 2418 2790 2139 372 8463 3534 7254 2790 6975 6324 3999 3162 4743 1860 3627 6417 5487 7161 
6138 744 2139 2976 6417 2232 5952 279 5487 744 558 4278 372 6882 3069 1302 8370 7440 5487 3255 7347 6975 5208 6603 1674 8184 651 3627 4929 6324 2046 465 
2325 8370 5022 8091 7440 7254 5766 5208 7719 6510 3906 9114 2511 2418 1302 2418 1581 8184 0 5208 4185 7998 4743 2604 5115 0 930 6417 1209 1302 7533 5859 
8370 3999 8463 3255 744 279 7440 4092 3069 4092 6603 5580 3069 3348 3441 1023 4836 5487 744 7533 1860 7812 3627 186 2976 4464 651 4929 4185 465 2697 1953 
5952 5115 1767 465 1395 2604 8742 1116 3999 8742 2139 6510 5952 6882 4743 4557 7626 3069 1860 1116 4557 1860 6417 465 3627 186 3906 3906 2511 6696 6324 6603 
3627 7905 1581 5208 8742 93 5952 3069 2418 6231 4092 7626 7998 8649 5766 5301 6882 4650 8556 8184 8091 2697 3441 5766 5766 4557 93 4371 1302 2790 3627 5766 
1395 8184 8649 3627 4743 3813 1581 5394 1581 1302 2790 5208 8463 9114 1302 2418 558 9300 5766 4743 4836 2604 7254 9300 3999 5301 3906 9207 7719 6696 8835 1581 
558 5487 7719 8184 6510 7905 3534 744 4743 4185 6231 2325 3255 9021 8928 9021 5952 6324 7998 558 2697 186 6603 6696 2139 2604 837 5487 7068 6510 9207 8649 
8277 8649 186 5952 5208 3627 6696 1116 279 8091 1395 9207 6045 0 4743 1302 2883 5022 4929 8928 5673 4743 6789 4836 3627 2046 5487 7347 8835 9300 1674 8370 
6417 7347 372 4650 5673 4464 4464 1488 5952 0 4278 7068 9021 8835 1953 4185 1116 5022 4464 4557 2790 1767 7812 8742 8370 1767 6324 1767 2418 3069 2511 5487 
3627 6417 9207 7161 8556 7905 6324 8649 4092 2883 6975 8928 7161 5580 2976 8928 5022 6231 651 6138 5301 2325 9021 4557 651 3906 2790 8556 7347 1488 1674 7161 
1953 8463 1953 8370 7719 2604 465 4185 1581 7347 4650 5859 5208 7347 2139 4557 3441 9207 5487 6603 6882 6324 3627 8835 1767 1581 4371 8835 5115 1860 6882 372 
7440 6603 186 8091 372 1116 6603 1209 5208 9207 8370 9114 5115 2418 8928 7161 8835 3720 2325 930 837 4929 8742 6231 8463 372 8928 6789 4650 5580 6696 186 
2232 6975 8928 7719 6231 930 8649 279 2232 5394 7440 5022 8742 3813 6045 7161 837 3534 4557 3534 2418 744 4371 3069 6324 3069 744 3069 2604 1767 1302 1767 
1302 1488 5952 7998 6045 3999 4929 8370 2139 3255 6882 8091 8742 4743 8835 4278 0 3534 7533 8928 9114 6045 186 6789 3255 1488 4278 7719 6789 1395 5766 6138 
8091 3069 1209 2604 4092 6789 93 5487 93 3255 1302 8370 1302 4743 9114 6138 8463 9207 7347 7719 5580 3162 6882 93 1674 2604 6975 1860 6789 6231 2418 2418 
3720 6045 372 7254 8463 6231 8742 7719 1581 6231 4464 1767 2511 8835 5580 5115 6882 6324 5580 6975 3255 1953 6789 2511 1860 8370 4743 2139 3627 5022 1953 1116 
5394 5394 7998 5208 6231 3906 7161 2325 1674 1953 5859 1953 8928 2046 2511 4278 6324 6696 6603 7719 2325 7161 7347 3255 2139 5766 2976 1488 558 2697 3441 744 
2883 5394 465 651 5301 7254 6231 5673 6789 4185 279 1674 5208 3534 3255 2511 8277 9207 3627 186 2883 1302 3999 6696 9114 3906 372 5859 9207 4557 1023 5766 
7347 279 6231 744 465 5487 1488 8556 1767 8184 1488 744 4557 6231 5859 8649 4557 279 3534 6603 6882 2418 2697 1116 930 6510 3720 6324 6975 1395 8277 3069 
7068 6603 7905 6138 8928 8370 4278 8370 1023 651 6324 4278 7068 5394 3255 6882 3906 9300 3441 5952 4929 9114 3069 3348 1395 6696 5022 8091 8649 4743 4278 7161 
8091 8649 0 6417 1860 3255 6882 2046 7998 8928 4650 3069 8742 4836 4650 7254 6882 8277 9207 8091 5766 6789 8277 1395 1395 8928 4836 3999 372 5022 6510 7533 
2046 6231 744 4557 5487 93 5580 186 8184 6975 2697 6138 5580 4278 8649 3069 2046 5115 2604 465 6975 5301 1302 4650 6975 837 4371 930 7161 6045 1953 186 
7533 3906 3906 93 6882 1674 3069 6417 1488 4092 1674 465 4464 2604 6510 8649 7533 5115 4278 5859 4929 5859 8184 4929 9021 93 2511 6045 3162 1488 3348 3348 
6789 7719 8184 1116 5115 2325 279 6417 7068 4836 3999 8928 3813 0 6138 8556 279 8835 9207 5301 5301 7998 6975 2418 2604 5208 3627 5859 5766 4371 7440 7998 
2139 3069 465 5952 93 4743 8463 3813 3069 3255 4743 5487 2139 2883 4929 6324 4092 6510 6231 2604 8742 1488 3255 7998 5022 3906 8277 5580 8184 2046 6882 7812 
2139 8649 5022 0 3255 7068 8370 1581 2604 8835 7626 8463 93 4371 5580 5487 7254 3162 7068 3348 6789 2139 6696 837 5580 7719 6882 4278 1581 2046 8277 6789 
7533 3441 4371 5208 4278 5859 2418 2232 5766 1395 8463 6975 2976 5952 1395 8463 5766 1209 4092 651 7347 1767 930 5115 5766 558 6975 651 6696 7812 1767 2232 
4185 6324 2139 1209 1953 2697 9114 9021 93 4650 7533 3348 4092 2232 6975 9021 2883 2418 3720 9300 5301 6696 1209 3720 2418 5766 1023 3534 1023 6045 3906 2790 
6696 5859 8835 2790 6975 6510 0 186 4836 7812 3441 3906 2046 4557 1953 2883 2139 3906 2790 3255 2325 8649 4743 2511 3627 7533 7440 6231 8463 1860 5766 1674 
93 6603 5487 8370 6975 1209 7347 1674 5859 1116 6324 837 7440 4185 5115 6603 6417 2511 6231 5580 5208 4929 2418 2232 2232 2046 2139 6138 1674 4836 1395 279 
1395 2790 1116 5487 1023 3906 7440 1023 744 279 93 8463 6789 4743 4278 3162 1953 4464 1023 465 8184 744 3906 8463 279 5208 3627 4557 6510 4464 1116 3906 
1953 1023 5859 8184 8370 2232 3255 6231 9207 1209 4278 3534 1767 1209 4092 7812 2418 9207 4464 8184 4464 6138 4557 5952 8277 3534 7626 3906 837 5394 8742 6510 
6045 7068 8091 4650 7626 8835 5952 5394 651 7998 6231 1488 5952 7998 6696 7068 0 837 7254 1953 2511 3720 1209 3627 5022 2883 744 6696 8928 8928 8091 6138 
4464 558 8091 8928 1767 3534 3534 7998 3441 1767 9114 930 6138 6789 4185 3906 5208 465 5673 4743 5766 8742 1581 9114 930 465 2697 1302 4185 3162 6324 7440 
3162 5394 2325 6789 5580 1674 3162 5208 7254 3906 5394 1395 1674 4278 7254 5673 5673 5022 5766 1116 6231 6231 8928 6324 1674 7161 8556 8649 7254 6324 8556 1023 
3441 8184 4371 3720 9021 4557 8277 7440 4836 5208 7161 5859 5673 4092 5580 7626 4650 558 93 372 8742 7254 8184 5673 4650 2790 1116 8742 6510 93 558 5487 
1488 1488 1395 2046 6045 6045 1116 3813 5952 5673 1581 9021 2139 3534 6417 3720 1302 2976 558 4278 3627 6696 3255 7812 7626 6510 1023 1674 186 9114 651 6882 
8742 3069 5952 6603 279 7161 7626 3720 1395 6045 1116 3255 6975 2883 3441 0 3627 5673 930 5859 930 1116 279 1395 4836 3720 3348 9207 6417 9021 4185 1767 
651 8463 3162 2511 3441 7440 2697 744 8370 8277 1581 3627 2232 8649 2325 8370 9207 744 837 6789 8742 2325 9207 5208 6231 2418 7533 3813 5301 3348 3441 7254 
837 8835 372 3720 4743 3813 5952 837 7161 6231 4185 7626 3627 2697 1488 1488 6789 4557 1581 4464 3348 93 3720 930 6417 2046 4371 0 7905 4836 4743 6789 
7161 1860 3999 279 1302 4278 3162 2511 1953 3348 651 5766 9021 4278 6417 1116 8928 4650 8649 5487 837 8742 3813 7254 6045 1674 7812 8091 3813 8277 3348 1302 
6417 837 5115 8835 930 4557 3906 1209 5394 8556 2232 744 7161 4557 4929 2046 4929 8742 3720 7626 744 2232 8928 3348 1581 1674 5859 1488 8091 837 2139 1581 
93 2325 7905 2325 1116 5301 5394 4557 4371 8835 9300 7068 6882 1674 651 2139 4371 2883 4743 7440 1674 3441 3534 8370 3627 4464 7998 651 8184 6045 8928 3255 
2790 7254 6324 4371 4464 8184 2511 3627 6975 7905 3999 7626 8835 3906 7812 5673 8649 6510 0 1953 2139 8184 6138 2883 2883 7719 5115 9114 2511 8463 1674 5208 
1116 1860 1302 651 8370 837 8184 2511 2232 7254 6510 930 5022 1767 5859 8463 5952 1953 9114 93 4092 6789 6696 3906 1860 7440 8463 3441 7812 3627 8649 1767 
6603 2604 4464 5394 6510 1023 6417 2325 8184 7905 558 465 6789 0 1209 372 0 7440 1116 3069 3627 4464 6138 0 7254 186 3627 930 1953 7068 186 465 
2790 4836 8184 3162 2325 4092 1767 8277 93 930 1953 4185 6789 7905 3534 8928 1395 8649 3720 5766 2511 2883 3999 9300 5673 3255 2139 3162 2976 8463 372 6138 
8091 4464 6324 4836 3813 6045 2139 2697 7533 9207 3348 8928 2790 6417 0 3069 3720 6510 9300 3162 6417 7254 93 4650 6231 7998 8928 4557 5022 1116 744 2511 
1488 5766 6231 8370 1953 5673 4278 1488 2232 93 3627 7998 7812 8463 5022 8835 6603 7626 8649 3720 186 5115 8463 8370 2232 6789 3906 2976 7812 7719 8091 4464 
837 2139 8277 4371 5301 7533 3534 1860 5022 3906 6138 6231 2139 9207 7161 7440 5487 2697 372 6603 1581 1116 0 558 5301 1581 3255 4092 2976 5580 2883 5580 
5487 4185 8649 1767 4371 837 2325 7440 5952 7719 6417 8928 7719 4092 1767 1395 3069 9300 1581 6789 8463 7440 7068 0 837 3348 2697 3627 3534 4371 4464 2511 
5766 2046 1209 7719 7533 7440 7161 5115 4092 2046 3906 2325 5115 4092 3906 7533 4092 3813 2325 7533 9207 6045 5952 6603 7812 744 6975 5301 465 8370 6324 651 
279 4743 8370 6324 4929 8835 3534 6231 3069 4650 7626 5394 6882 1395 6603 1302 2325 8649 5859 93 6045 1674 1860 1488 1395 2697 558 6789 9207 7161 6231 4278 
7068 3720 5394 2604 8463 837 6138 8184 3627 7998 4092 7533 4743 837 7161 2046 2790 7347 9300 6789 7998 5301 3999 2418 1581 6882 279 3534 7440 5859 2418 93 
3348 7626 6324 7347 1209 4185 8184 8649 2604 1767 4743 3441 651 3906 930 4650 5580 6324 6045 4278 93 2232 6138 4185 6510 1023 6417 1860 5766 5580 8742 7998 
9114 4464 2232 2604 2139 3999 6324 5394 5580 3162 930 7533 5766 1767 6138 3162 2883 8277 8649 7719 8928 7626 9207 744 6975 4464 4557 3348 6045 8835 6324 3348 
1023 6789 8835 5394 2139 4650 8556 7533 3720 3162 2325 9021 3069 6045 7254 5208 1953 8928 4185 2511 2697 3348 5673 5580 1488 2790 4092 6789 8928 3906 5673 5022 
9207 7905 2976 9207 3720 5115 372 5487 8091 1395 2232 6417 4836 8370 2697 5673 9114 3720 2697 8556 4836 2046 5394 186 186 4464 9300 6045 3534 3720 5673 7254 
3162 93 3069 6045 2976 5022 1023 4650 5301 7254 3534 8370 4464 5394 1209 6510 1023 8370 6324 3162 6510 3813 5115 5022 3720 7347 930 279 7998 4464 2139 5208 
1209 4743 6045 5208 4185 2697 6696 1116 5022 1953 6510 9114 8184 5673 1395 3069 7905 3441 1116 6138 4929 2139 186 2418 4371 9300 3348 8649 3813 6696 6975 2976 
7068 372 5580 8742 5301 8184 7254 1209 279 2139 3534 1674 465 1953 1674 2604 7719 5115 1023 7626 1581 6603 1023 279 2139 9021 8556 8556 7347 5301 8091 4557 
4743 4464 5673 3441 744 7161 6045 5766 2139 8649 2976 5673 465 6696 1767 9114 1209 0 6603 6417 1302 4278 186 8277 8184 8835 3999 1674 5022 558 0 186 
4278 2139 4371 7998 6324 1302 5487 6138 465 9207 5859 1860 4464 9300 5301 5487 8370 5673 8184 4185 3534 8091 8184 3813 8277 7440 5301 5859 186 8370 1767 4092 
4929 8091 9021 4371 7068 4278 3348 5766 4278 1767 2232 6975 6417 5859 7347 9300 3720 5208 3720 465 465 7626 7905 2139 7626 2697 8928 3813 2976 6975 2697 6417 
2604 2790 7440 4185 5952 5487 2232 7812 7533 7068 372 3069 5673 3813 6324 7812 3534 5301 7719 6603 7626 2046 9300 3999 651 2604 2697 3627 7440 7533 6510 5487 
5394 4743 465 5580 2604 6510 1023 2232 3999 4743 8277 6789 0 837 5952 8556 8742 8835 4185 4464 8463 1953 4557 4743 5394 6882 5208 6789 558 6324 4278 6603 
7068 1581 5487 8463 1674 4092 7533 2511 8742 4650 9207 8463 9300 7812 8742 0 279 6510 372 7440 1953 837 186 9021 7812 5394 4836 7812 8835 6603 6882 5859 
4650 7812 8370 2232 5487 6138 8835 0 8370 6789 651 7068 5115 9207 7254 558 8463 6696 8463 2976 3534 1581 4743 2604 1302 5115 6138 1302 93 372 4278 4650 
7626 3348 4929 3162 4836 7626 1395 5487 2790 7068 3348 6417 7254 930 744 9114 4185 5580 3069 3627 6324 3162 9021 7254 3255 4650 5115 6975 7812 372 8928 6975 
93 2418 837 372 8928 2046 6603 2604 1395 558 465 7347 8463 7719 4464 6045 8835 7161 7254 5859 1302 2976 2604 744 6045 3906 9207 6603 0 8370 8835 6975 
7533 7440 4836 1674 8463 7533 7533 9207 558 2418 5487 7626 2418 8835 2697 372 5859 8370 1953 930 3534 3441 1488 9114 0 8091 7905 2046 279 5673 6324 8277 
279 4929 837 2511 7533 186 5487 4278 2511 7440 2790 837 9300 2232 2697 3720 7254 4650 6324 3813 1581 7161 7812 7533 2139 8928 7068 1860 7254 6696 3999 6138 
5673 5952 4743 6510 1488 7533 7719 6789 1116 5859 2418 5208 7254 4743 930 2325 3906 3348 3534 2790 4092 1116 5952 2232 1674 6417 4650 1860 4464 4464 4743 3069 
7905 1581 6696 4092 7905 651 7254 4743 7533 3348 93 7440 5952 5394 7440 4092 4092 1860 9207 4371 4650 6324 4185 3906 4278 4371 8184 6417 7068 7998 4557 0 
8370 3813 7347 7068 2883 837 1674 3255 2139 1209 1395 5487 6696 7998 8556 1581 93 1953 7347 7533 8835 5859 8742 3162 3906 3999 5487 3627 837 7068 3720 93 
7161 5301 6603 6789 6696 4557 7998 5952 2139 5859 9021 2511 4464 651 6417 3813 5301 279 7998 1302 7812 7440 1302 8835 1767 2697 6138 1860 3069 5766 8277 6231 
4557 1581 2976 1581 1395 3534 8649 7998 3813 4278 0 93 2697 7812 2697 744 8370 3534 9300 7347 7626 8370 558 3069 3348 2604 1767 3069 3906 2232 4185 5394 
4650 1860 1767 2139 93 3069 7161 8091 7626 1209 7719 7161 6603 5859 93 7998 5208 7533 93 8742 7440 7905 7161 9300 3441 279 8463 2697 9021 8742 3348 3441 
3999 1395 6603 8556 3255 2232 7626 7440 8556 6789 558 4371 3906 6510 8649 7812 6696 2883 7533 4650 8649 5301 5487 186 372 4464 2790 558 4650 8649 2511 6324 
6975 2139 7254 8928 279 8463 7440 1581 6603 558 3999 2418 3534 3162 4836 4557 4836 2232 8184 2976 1209 8277 3906 3999 1581 4371 4464 9114 1302 8277 2139 9021 
8184 6324 1023 4185 6138 5301 1395 4278 4836 7905 7533 2976 3720 8091 1767 6603 2232 2976 8649 5487 5859 6138 1023 465 5394 8277 4371 2790 2511 5859 3441 5394 
2697 1116 372 3906 558 8835 3999 1116 4092 9300 3627 7719 2418 6975 279 5115 186 6045 2046 5766 6510 1953 2232 1116 1395 1674 6603 465 3906 2697 2139 6045 
4836 8370 3999 465 5580 7626 5673 2883 8835 4743 7998 5022 4836 7440 2697 5208 3162 8184 8835 7254 837 2976 2883 2232 4557 1953 7161 3720 6882 7812 7998 744 
5301 1116 8649 6045 2232 3069 2511 4836 1860 8091 2046 744 4278 4185 5859 4929 5487 7533 7626 558 2046 7533 7812 3627 93 7812 279 2139 6603 3813 93 3441 
7998 9300 1581 2976 7533 9300 5115 8742 465 7626 558 1674 4464 4743 2697 4836 8184 6603 7440 3255 4557 4836 8091 186 6324 6603 465 6882 2325 6696 9114 5115 
3999 2511 7812 465 2418 1860 6045 1953 1488 0 6789 9114 7440 6231 1116 4557 744 837 3720 6417 7626 7533 4836 7161 2139 4650 1395 8928 8277 3627 2046 8556 
2604 3162 372 5022 1395 7626 2883 1488 1302 9300 1395 6696 8463 6417 6324 8184 279 1953 1302 4278 4185 8277 558 8463 2790 3441 4371 2139 6045 7998 5673 2232 
5766 744 6324 2976 5673 3720 5673 1302 4185 1674 1209 5673 3348 4650 1395 8835 4371 1674 930 5022 1953 3348 1581 7812 279 2511 837 1767 3255 1953 3348 3813 
6045 6603 1581 1488 2604 1488 3441 5394 6696 7905 3720 7719 930 7347 1302 6603 5208 8184 2511 8835 5952 9300 4185 6696 7719 2697 3627 1116 1674 6324 8184 2232 
5487 6975 2046 5859 279 744 6975 0 6138 8091 6789 0 2697 5952 5673 4743 8649 4092 465 3999 4185 6789 5487 3813 4092 744 3906 4743 6789 1674 2883 6696 
8928 2325 9021 3255 744 9114 651 9207 1674 7068 6975 558 6045 5673 3720 1209 930 6882 7161 3534 3534 4092 7347 4650 4464 7719 6696 5022 3534 5859 6789 5208 
651 2511 8184 5766 9021 7905 5580 6045 4185 6882 8277 2418 3534 7347 4836 5487 1953 1395 6324 7347 1116 7812 651 7905 7161 2511 2790 3627 1581 4185 2046 4743 
8370 186 0 5766 6417 3627 7719 7347 2976 1581 5115 558 3720 6789 2790 4185 1395 1116 3162 3441 6417 4557 465 4557 6696 8649 8091 837 3813 1488 8742 2046 
2325 5022 3441 3255 6882 7161 5766 3162 2790 5580 6231 2697 1581 5115 2697 5394 7347 4929 8091 744 7068 2604 2325 2046 2883 8370 465 4650 7719 6510 2232 2883 
3999 2604 1209 6045 2790 3348 7626 1395 2418 3255 8742 8091 9300 6417 6045 7254 2418 4557 5673 1023 744 558 6789 6603 558 651 8370 3348 2976 5487 4743 186 
7440 2790 7068 7998 5022 744 1860 5022 4278 744 4929 8277 8091 93 3999 2790 8463 1767 5952 8184 186 1581 2883 744 7440 5394 5580 2604 7719 2883 837 8277 
1395 4464 93 186 5859 6789 5394 3162 7440 2883 2604 6696 2976 930 5952 4185 2511 3162 6045 2418 651 4464 4464 6603 8742 6696 1395 8556 4743 5766 7626 7161 
3999 8556 2325 1395 1488 4650 4185 3441 1767 7161 4371 186 6045 651 5673 279 93 5859 4185 1116 5487 2232 558 2976 2418 8184 1581 3627 4092 3441 2046 3069 
7440 1581 9207 3441 2046 9021 2232 3255 6324 4929 1023 6789 5208 8742 1209 2139 7998 4092 1209 4557 6696 1767 1209 6789 8742 9021 1023 186 6324 2046 5208 5952 
8091 8463 8835 5580 3813 8556 3627 6603 1488 2418 6231 8277 5580 93 4185 5301 2418 5394 3162 4557 8835 8184 5115 7626 558 3999 2325 2418 7533 9114 1488 4650 
7812 3348 6510 6045 1488 2139 8184 6417 8277 5766 4650 3906 1209 279 651 7905 7068 8928 2697 5487 7998 1674 8556 1302 4464 2883 8835 2418 8463 2046 3906 558 
2790 6975 651 93 2325 1302 6138 1209 9207 1209 4836 6696 6417 3906 1953 7812 3534 1209 3162 6045 6975 558 93 5301 1395 3627 4464 3999 1767 9021 2232 7719 
3534 2883 8277 1674 7068 465 8928 7812 7719 93 8928 9207 3999 1767 3255 93 7161 7626 2511 5022 6417 4092 9207 372 1953 3441 6603 1023 3999 6324 4836 1209 
279 3162 2418 5394 3069 2232 1116 4278 5301 9114 8463 2976 7812 5022 8835 6882 8277 3906 8463 93 8370 4650 7719 8742 6603 465 8370 8928 3348 9300 7533 930 
3906 279 5022 7812 6603 8370 3348 7812 1488 930 8184 465 7812 7068 8649 3627 4185 5394 9114 7533 5487 2325 2790 5022 3255 2604 837 6975 5022 4650 930 5859 
4650 9114 3999 9114 8463 3534 8184 8556 93 0 6789 4557 5394 2790 8742 8370 5952 8742 5766 3441 5580 0 8370 6603 4092 4650 8463 7905 279 5580 5673 2976 
465 7905 6603 6603 5487 5487 3441 8742 279 5673 5022 3999 1674 465 5487 7347 6975 3627 7626 8463 5487 9207 7905 8370 3999 5115 6882 6045 6789 2883 372 7161 
2325 6696 5766 4185 2697 5487 5301 2046 1767 6975 7626 93 8556 2418 5208 0 6975 372 3627 1674 7254 8370 4371 7254 5952 2511 930 8370 6975 1116 6510 3999 
3906 8649 558 2511 4092 2976 279 7719 1023 5487 2976 0 7719 2232 7254 8277 4929 7812 4092 5673 8463 4929 7812 8556 8928 7068 8928 279 5487 7254 2046 4278 
9300 8928 2418 4743 558 1674 7068 4650 1116 5673 7254 1767 8184 2511 186 1767 1209 7254 1209 7998 4650 2883 8928 5952 8835 651 4650 8835 1395 7812 6138 6231 
6789 5580 8835 6603 1023 7626 8091 4929 4278 3348 7905 6603 1674 8277 8277 8184 2697 2511 2511 372 6045 186 3627 1395 5394 4836 7161 930 2697 7533 1209 3441 
1674 4557 3069 1023 4743 3069 2883 7626 8928 6324 8928 7254 7068 1209 279 2604 8184 5766 2790 6138 2046 2046 4650 6417 3348 1302 7626 5766 9207 5859 2325 6789 
3813 5859 1953 7533 5859 3534 8370 2046 8277 4092 8835 4092 9114 651 8556 7626 5859 2418 1860 3162 186 5487 2697 744 6231 6789 1581 5766 1209 930 5301 2976 
3534 1860 6696 6324 2604 9300 2790 1023 5115 6603 1488 8556 2325 558 1023 6231 8649 4092 3720 279 9114 5766 8649 0 2232 651 1953 7347 5580 7254 558 1767 
7254 3255 558 2418 186 3162 8649 2511 3906 7440 2697 8277 930 6510 1767 8277 2976 5673 8463 4836 8835 5766 5487 930 744 6696 4185 4092 372 3441 3162 6324 
4278 1860 8556 5859 7998 5115 3999 4092 3627 8556 6603 2697 1116 1860 7812 8463 2418 3999 4929 4092 8091 744 2139 0 1488 3348 3720 4557 8742 7161 4371 2511 
2604 8649 4092 3441 8184 6045 6417 93 7161 9114 1023 744 3441 837 3720 5580 4743 6696 558 2139 8835 8091 4836 837 1674 4371 744 3441 9021 7440 9300 3441 
2976 558 930 1767 930 8463 6789 6975 1395 6231 2790 8928 1209 279 279 7812 4092 6045 6231 4836 8091 1581 1302 1581 6231 1674 3255 4092 837 1209 2883 0 
2139 4836 372 4092 7812 5208 2232 5952 930 2418 3255 8370 4650 2976 3627 5766 8277 4650 7440 6696 558 0 558 7905 6231 9114 7440 6975 2697 3441 6231 5859 
2511 3627 7626 4836 2883 3534 1023 7626 8556 9114 3534 3906 4743 186 6882 5394 372 651 3627 4557 2046 8649 6324 6696 3999 2232 2697 6324 1674 3906 1488 5022 
8928 7905 5022 2046 8928 1023 3348 8742 6510 5673 3999 7533 3255 5859 3999 8184 4464 6789 4278 1953 5673 8091 744 6789 7161 1767 5208 5580 3813 7068 4743 3441 
7440 1953 1953 7254 8928 4464 8556 1674 2976 2232 1395 5673 837 9207 6603 2511 5580 0 8091 2325 8370 8649 7347 651 8928 6231 8091 2976 7068 8742 9114 5115 
5208 5952 1860 4092 558 8928 3813 4092 4557 3999 2883 5022 8742 6138 1116 465 6975 1209 6789 7626 4278 1209 4278 1953 5115 7068 465 8742 5487 5487 1302 6138 
4464 8184 5673 7998 9021 558 5580 3720 5766 930 3720 4836 3720 9207 2883 8649 558 7905 1860 4929 2511 7440 6882 8463 8184 1116 1488 1674 8928 8649 2325 8835 
2604 8742 2325 7719 3906 3069 9300 2976 6510 372 5766 7254 5208 5859 2511 8370 1488 5301 930 9207 558 279 5580 4185 837 7068 2232 1674 4743 8835 186 3720 
3255 1581 6975 4092 7068 7812 4557 2511 5859 4929 8370 3255 2418 2511 7626 1953 1674 7905 186 558 1209 9300 6510 4278 4557 4557 7068 6045 2883 8928 4836 4464 
8649 8835 7998 3534 7161 4371 2697 5487 8928 2046 3255 186 5766 8277 1209 4092 3627 6138 8556 1488 9300 3069 651 1395 1860 8649 9021 8184 3720 2139 5115 372 
2232 8370 4836 5673 2883 4185 1302 7533 2511 4371 5115 2697 3720 8370 3813 3069 2511 1395 8277 5487 3720 3255 3069 1581 3069 8928 1581 2232 3627 1953 1302 651 
1023 7347 5301 8556 8556 6138 6789 2976 4371 6696 5115 6975 2511 3627 5394 6138 8277 3441 1581 5115 9114 1953 2232 6975 7068 0 7998 4650 1302 0 2790 465 
2418 8928 7998 6696 5859 5952 3348 4650 279 3999 7347 186 6603 2790 4185 5115 1860 8742 7905 7254 5766 930 8649 5208 8277 930 3906 2883 5208 7626 2418 2697 
8091 186 186 1953 3348 1395 7254 4092 1953 279 3720 651 3999 5022 4557 7812 4278 186 7254 2697 2139 6138 651 7440 1860 8649 4557 0 5673 930 7347 4650 
8742 8463 7905 2232 1953 9021 4836 6138 1674 651 8928 2046 3627 1767 3255 6324 8091 3441 5859 9021 3255 5208 465 9207 1581 3534 6510 6138 3441 4743 3906 7626 
6324 6603 1488 0 3348 7812 1116 1767 6789 5580 8091 3999 5580 837 4743 4743 3255 1023 0 1116 4185 8742 7440 1767 5394 1488 8928 4650 7626 744 3906 2139 
5394 4278 8277 3069 2883 2139 372 8649 837 6045 3720 6417 9021 6696 4092 3813 837 6045 7254 4650 1860 3813 8835 5394 5115 7068 5301 1395 2046 4836 8556 6696 
744 4464 651 5301 8556 4092 9300 6603 7533 1674 7626 9300 4650 2325 4929 3441 1302 5022 6510 7905 3999 5859 8928 6882 5766 1860 2604 744 4092 465 7068 8091 
1395 7347 8556 6975 2790 3534 1023 6882 8463 6324 4557 8649 5487 7998 1767 2790 4650 1209 8742 2511 7533 7347 8556 6231 465 3627 1860 8370 1023 7905 6045 372 
4092 1674 4278 4650 3069 4743 7068 8649 186 9114 3534 6510 5394 5673 3999 2232 930 0 5301 4371 5022 4929 9300 7161 6975 1209 1860 558 5487 5673 7905 6510 
6510 372 5580 0 5301 7905 6138 1395 3906 4464 7626 3906 5580 4929 6045 2232 3627 3162 6138 744 465 9114 3069 4650 3627 3627 7719 8463 5952 5952 2604 465 
7719 558 4371 9021 8463 1674 4557 1488 279 1860 7440 2697 7254 1488 279 3255 1767 3069 3069 5766 2325 1395 1302 2139 2139 4092 1953 3627 1209 7626 2697 7533 
5394 3069 4371 4743 8742 9207 6138 3255 651 7440 1581 3813 5022 3534 0 1023 3534 5301 558 2790 1581 4278 6603 558 8463 6603 9114 5022 6975 4464 3162 7254 
3534 1209 3906 2139 6696 465 3534 6231 2418 3441 3534 5673 5580 5859 3627 2883 5301 9114 5766 5115 1767 3441 8091 9021 1209 5487 3813 2325 6417 8649 1674 3534 
2325 7998 6882 651 4557 6882 7254 1116 5859 1023 8277 3534 5115 5673 4185 4371 5301 837 4836 6138 744 651 5766 8277 2325 3720 5766 7347 2325 6138 6975 8556 
8928 4836 2046 4650 3162 7347 9207 837 2511 7068 2511 1488 3441 7998 186 7161 1023 5394 4743 4836 8835 1767 9207 1953 5208 9021 5952 4836 4929 6231 4836 9300 
3627 9021 558 6882 2697 3348 5952 3627 6789 1209 6231 6882 5208 651 6789 2139 7533 3348 1302 6882 7440 6696 1581 7905 186 6696 5394 7626 2604 5487 2232 7812 
3534 1953 2511 1023 8277 7440 651 93 5580 6603 9114 6324 4278 4185 8649 7533 3627 2790 6696 6138 7626 1395 7068 1674 8091 1023 1953 2790 4371 558 5208 2883 
1209 6324 9207 6510 1023 2232 4185 7161 4464 7905 372 0 3534 6789 5394 7068 1395 3255 6045 2511 8556 8649 2883 2604 6045 6882 9114 7626 3255 1023 7998 1581 
5580 651 5208 7347 6882 5301 1302 8091 4464 8184 4557 5487 4836 1860 8649 930 8370 3534 93 4371 4743 8463 8277 4650 5766 7254 8556 2232 4929 8463 9300 7161 
6417 93 2325 4743 6045 3069 930 4185 4464 7533 5394 372 5394 5859 8835 2697 5115 9300 3627 3720 6324 0 465 1023 3255 5952 5580 6324 4185 7626 8835 3813 
6231 6510 4185 7998 2139 3813 3534 7068 9207 7719 6231 6045 2976 2232 8184 1023 3348 8370 2418 4929 8277 4836 930 2883 6789 8370 5487 2976 4557 465 6882 7347 
558 930 5580 651 4278 8649 4092 8370 6696 6510 2883 2511 4185 465 5952 5952 3999 3162 5859 3813 4650 3720 1860 8184 1860 2697 7254 8556 7254 93 3255 7812 
5208 7254 3348 6603 1953 3162 3441 2418 4929 4743 279 5208 7068 5766 4371 8928 8928 1116 7533 2232 9207 4836 6975 1581 372 4464 5115 7626 9207 5487 93 7254 
8742 6882 6045 6324 1767 3348 7161 5766 930 1767 3069 3255 5673 9207 2232 1023 3534 6696 7626 2139 1860 651 3348 4743 4929 7812 8649 0 3441 6324 1860 6882 
5673 465 5208 8835 6324 7719 8928 5766 6882 6696 5580 6882 2976 7440 930 8091 4557 279 279 2325 7719 8370 2790 5208 6417 3720 5766 6045 6417 2604 3720 8742 
7068 1395 6045 4557 4464 5394 3441 7161 4371 5115 4371 8556 93 5487 4185 4650 651 3162 1674 8184 8370 93 1302 8928 0 1488 6324 2046 8835 7719 3348 1767 
9114 8742 7998 3162 2232 2790 8091 8370 1581 8835 4185 4557 4464 1209 7254 2883 93 3534 6324 5115 7068 7719 8091 6045 3813 1674 3534 3720 2139 3906 7998 4650 
1023 837 1302 3069 7998 7254 4650 7626 3906 3441 1023 4464 6603 8091 6603 2790 7998 4650 1302 3999 5301 4371 4185 8742 3069 2232 7347 3441 651 8556 3813 8370 
3999 4092 5301 7905 4836 2883 4092 558 7440 4650 3720 3999 8463 1581 5115 8742 372 4371 6510 7626 6324 2790 4464 8463 6138 7254 744 8463 3720 4092 5115 2697 
5394 7161 465 6603 2697 4557 8928 8091 1488 6789 4371 7254 1116 2604 5859 5952 8742 2883 9114 8835 6324 8835 7998 3627 1767 2883 2790 7161 3906 8463 6789 3255 
5952 7533 4092 2418 6138 0 6975 2139 4836 2325 3162 1767 8835 3813 4650 7068 6231 7719 9300 5487 8928 8556 2976 3441 3069 5115 2883 8370 8370 4185 1674 9114 
5673 8649 4650 6882 2511 5766 8370 2511 4464 6696 1581 6231 6417 651 1023 1674 558 4929 9021 5115 6045 7533 9207 6231 6417 4557 930 1860 279 7347 5766 2232 
5394 1860 93 2883 930 2325 2232 4278 372 744 4464 7533 7905 6603 837 3348 7812 7998 6045 5673 279 5394 6138 5208 7347 9300 558 2511 1674 7440 3906 2697 
7812 8556 3534 4929 1302 1674 186 5301 465 8835 93 4743 1488 5673 8184 558 2232 1488 4743 1953 5301 2883 8835 4557 3534 8091 4371 6138 5952 4836 1488 1860 
5952 4836 1116 7998 4929 7254 5580 3348 5766 8277 1302 9021 3906 6324 837 7533 4278 9300 2046 3255 5952 7905 6510 2046 3255 1860 4092 7068 8556 5673 1023 4650 
558 2604 837 1116 7533 8184 3627 465 186 7905 5766 6324 5580 8091 3999 6231 7347 8928 7347 2511 2697 930 2976 6510 7068 5952 7533 8556 2976 1302 4743 1581 
5022 6603 2139 1023 930 2511 7905 6138 9114 2046 2697 6510 5301 8091 2325 3162 7068 8835 3999 2976 4185 5022 3627 8835 7533 1395 2046 1674 9114 8835 2790 6882 
4929 5115 837 7347 3534 1209 8928 2325 6510 8649 4650 4836 9021 7812 9207 4650 2418 8928 1488 1023 8277 3999 1767 5766 4185 2418 3627 8742 8835 3999 7812 5022 
9207 2139 3441 651 4650 1116 8277 4092 7626 2046 8928 2511 5487 6882 8184 8928 5952 6696 6882 3720 744 2697 4464 7998 2046 3999 8091 3720 2790 5673 6417 6138 
8184 7626 1953 8277 3348 1953 0 3813 930 9021 3720 5859 3906 4557 1674 279 1674 6789 651 7533 6417 0 5952 7068 1116 1302 2325 8277 8184 558 2697 5673 
5022 3813 4185 6417 5208 744 930 4650 1395 9114 8835 5301 1767 1395 3999 6231 7626 2976 3720 5115 837 7254 8091 8835 4836 8184 3813 2697 930 1302 1302 1209 
6417 3999 1767 2139 0 3534 4371 7347 5859 279 4557 6324 1023 3348 7254 1488 6789 5394 3999 1953 465 3162 5115 7254 7347 5022 2883 6882 4278 5766 6138 6045 
744 3720 4092 1767 7905 3348 3720 6789 1488 3534 6696 279 2604 8835 1860 7254 6696 7533 3999 837 7161 3627 8091 5301 3534 5394 4557 6510 3999 8649 279 93 
3627 4743 7533 6603 4464 3069 3534 4092 3348 7440 186 5208 1023 6882 558 3720 5580 279 744 1953 7626 6324 7347 3441 6324 6510 2325 6510 8370 6510 5673 5022 
6231 3255 465 6324 7068 9207 3999 2697 4371 6882 6231 8277 8091 6882 2790 4185 5115 1302 837 1302 8556 7440 5022 7440 5115 7254 6696 930 3348 4464 4185 6882 
1767 1395 6138 3069 4743 7626 3255 7254 1116 3534 2232 3720 4929 8184 6975 93 3162 186 3441 7533 5022 5487 9300 8742 1674 1302 8928 7719 6045 3813 5394 4929 
4929 3069 4836 7440 8277 2046 4092 8649 8370 1302 5394 0 5580 9207 8091 8184 8091 8463 186 837 9300 1674 6882 558 2604 8184 744 5115 7347 1023 5766 7440 
4092 5394 8370 8928 5580 3069 3441 4185 4557 1953 7905 465 7626 6045 4278 837 465 8463 5115 3069 1767 372 558 1953 1860 8370 8091 465 1395 7719 7254 4092 
1395 4557 6138 6045 8649 3999 1395 3534 2232 6696 8649 651 8463 3999 5487 8556 3069 3999 1116 8091 7719 2325 6975 558 3069 5487 7254 1395 3813 6045 3906 651 
2697 3627 2325 4371 1767 7440 5952 6882 93 7161 1302 7254 7719 186 3720 8742 3069 3162 3627 2976 9207 372 6324 3069 4371 6138 3348 93 5580 0 5859 5673 
7347 4929 2418 837 6603 1302 3999 7254 2790 1116 2976 5952 8463 1209 2604 6696 8184 2697 7626 2139 7347 6138 8649 2046 6882 5766 3534 5952 8463 6696 2976 3162 
2511 1674 1860 1581 1209 7812 1023 3534 1116 2139 7719 279 1209 1953 7905 186 3348 651 6696 5394 7626 186 8370 372 8556 9021 6696 3348 8835 8091 9300 1953 
651 6324 2418 1209 6510 465 1395 3255 279 3534 1860 6510 9114 1395 4278 3906 7812 1767 1302 2976 279 5859 6324 8649 7533 1302 6789 1023 1953 1581 5859 186 
2697 6045 2232 8463 7812 7998 1209 4278 7254 6696 2418 7533 2325 2139 8184 8184 93 651 3348 8370 1953 2046 930 7533 2976 8370 2046 93 9021 930 6045 7719 
0 3348 3813 8091 2139 3720 8556 7812 4185 2604 7533 279 2511 8463 3441 3069 7254 3348 6975 4743 2046 7347 7161 8277 2604 1209 9114 2604 3999 1209 6324 7254 
