1540898 1624300 1647927 1736344 1814262 1857704 1927535 1991504 2009897 2076747 2187303 2245192 2272821 2384456 2429139 2525544 2527682 2620844 2648892 2702428 2815744 2882001 2907654 2908704 3071326 3011487 3099512 3043830 3024728 2994407 3038038 3071521 3013039 3054845 3072970 3049598 3031077 3065132 3077363 3122203 3096398 3081329 3089640 3069001 3176849 3081896 2962023 2891267 2830289 2817289 2697513 2734912 2640682 2603861 2486049 2444198 2369809 2357116 2313845 2253730 2170845 2072093 2038542 1946760 1878758 1818149 1735597 1716383 1611183 
1593737 1655939 1747913 1808882 1889065 1922414 2002806 2038698 2110595 2199723 2256687 2335869 2347218 2441956 2513246 2592784 2613599 2736542 2710644 2787142 2914910 2925619 3039692 3095598 3141164 3148896 3144712 3136147 3190480 3151159 3158580 3121152 3170832 3189828 3180133 3168269 3155322 3158246 3137238 3177384 3201716 3192181 3204517 3148281 3202882 3189698 3090253 3069179 3008011 2904549 2787703 2763954 2758188 2684580 2622493 2535316 2466681 2501012 2390892 2280500 2195186 2150612 2107267 2021579 1940032 1905341 1815605 1742598 1678400 
1660591 1758781 1824530 1871392 1962869 2014253 2131413 2129987 2213368 2265021 2336358 2394931 2498071 2541146 2676952 2676037 2810479 2835518 2859572 2925502 2977578 3024170 3118124 3247609 3261819 3312106 3283124 3309513 3291104 3252284 3337854 3234207 3235486 3290741 3299568 3289744 3326263 3314531 3344862 3336904 3349414 3371961 3355000 3322909 3298468 3278472 3205951 3100646 3081812 3010629 2973490 2907023 2876335 2771122 2695694 2642385 2629173 2541372 2434689 2343761 2327053 2286647 2146913 2102257 2042831 1926088 1902475 1780157 1777589 
1729738 1806095 1924468 1994427 2012309 2075894 2194463 2236435 2243623 2289269 2451417 2517052 2618245 2639436 2708625 2769586 2884048 2931009 2967724 3050456 3097676 3222610 3221845 3340205 3404640 3449435 3436079 3368566 3437309 3419993 3403729 3414433 3385847 3391287 3431499 3414905 3426243 3496346 3452045 3432954 3433430 3446313 3424165 3441983 3471792 3366044 3383909 3246502 3204988 3147617 3032435 3023003 2870779 2893500 2814071 2772784 2653812 2671929 2502803 2445631 2413397 2357238 2252145 2153289 2137952 1993735 1913047 1869265 1810469 
1805693 1839985 1911352 1968179 2112915 2149662 2192968 2272111 2300926 2404874 2514460 2567643 2620472 2739595 2778051 2867552 2914354 2933512 3026454 3150672 3166575 3175850 3326709 3463442 3530766 3501073 3515644 3474764 3537677 3479940 3454353 3480920 3537504 3491673 3551352 3554104 3488040 3580709 3573829 3522892 3509422 3514119 3537401 3533356 3569673 3477765 3454728 3300241 3266637 3222608 3179340 3094555 3002621 2906844 2849425 2829228 2725802 2691145 2643272 2506269 2441826 2373738 2320034 2248631 2153912 2037971 1959407 1929814 1804686 
1851674 1920809 1964725 2050421 2162000 2214644 2293568 2301962 2420465 2508933 2614711 2645905 2710615 2824630 2919817 2915080 3083275 3070421 3153239 3178495 3337176 3388169 3470935 3559282 3637663 3657575 3626532 3655490 3567513 3605687 3633926 3626689 3639005 3585103 3640513 3661509 3689473 3628792 3660870 3613851 3666108 3709034 3663246 3736196 3704617 3623607 3550858 3492123 3410728 3316499 3285037 3189332 3151567 3020937 2960396 2917188 2838658 2790696 2686174 2628657 2513833 2466436 2342802 2300879 2194074 2166264 2047658 1990862 1900869 
1943181 1989512 2054483 2117250 2219070 2276216 2377703 2414737 2491557 2593482 2712516 2792096 2860117 2961664 2968555 3101723 3195866 3201256 3268185 3359525 3450311 3502897 3519103 3666387 3748811 3767103 3715235 3801988 3709623 3762864 3796861 3750257 3823776 3759100 3765437 3747849 3794943 3731755 3810095 3830301 3764395 3794648 3796789 3851522 3897969 3759063 3670833 3598039 3464901 3446893 3379081 3297971 3233792 3106181 3126989 3015698 2972117 2890036 2765671 2676608 2609784 2559216 2426830 2353478 2280859 2206994 2090016 2033784 1995234 
1955318 2078224 2154040 2182611 2265609 2391518 2440460 2538417 2589866 2732200 2814913 2853512 2963874 2986931 3088565 3201228 3296818 3314457 3401689 3461932 3534403 3661102 3673707 3838486 3888887 3869286 3857508 3904248 3884257 3903344 3860560 3921421 3865606 3893034 3868379 3844989 3895158 3897026 3892671 3890529 3916954 3887991 3876931 3935338 3967434 3883745 3793491 3714315 3652523 3562750 3449361 3362913 3379205 3252086 3222429 3110213 2962646 2942138 2876003 2833152 2718102 2669546 2506227 2483505 2384892 2364288 2184794 2140030 2057513 
2048757 2096866 2254369 2261045 2363172 2460250 2472725 2603381 2650148 2729139 2893572 2987699 3023975 3107275 3221167 3299793 3386330 3416654 3498161 3559692 3651533 3629033 3835909 3959855 3989197 4069936 4056212 4033773 4007132 3988574 3979264 4014355 3959777 4010495 4050539 3978095 4039696 4063733 4043801 4054660 4043293 4114427 4016845 4067061 4123869 3979449 3917256 3819561 3717345 3648341 3573174 3494501 3446149 3417302 3253170 3182546 3111244 3094665 3012462 2869487 2749060 2714966 2566739 2588538 2455289 2385625 2208942 2178025 2136152 
2077852 2141364 2247302 2344196 2470622 2489106 2561235 2684348 2728162 2831753 2891894 2966925 3142659 3254431 3227205 3362321 3369549 3506526 3591419 3670136 3670564 3770886 3907938 4063265 4116922 4160229 4139536 4108622 4056517 4129550 4143077 4151518 4093151 4126355 4138834 4132170 4105081 4200426 4193508 4102773 4140592 4146219 4139716 4127588 4130550 4041833 3986623 3969124 3884024 3757508 3706678 3625573 3484346 3488212 3340533 3239013 3194565 3170935 3066025 2925814 2890713 2775982 2628141 2598169 2474673 2411969 2302776 2220889 2112034 
2145240 2236437 2311741 2424363 2504500 2518843 2656297 2750886 2855745 2919152 2967685 3125860 3227014 3297635 3366217 3488328 3534034 3589265 3632096 3790752 3784562 3951668 3986923 4071662 4264123 4206748 4304133 4234750 4252278 4221337 4267999 4171511 4187920 4266551 4334080 4326941 4191217 4299399 4289136 4284868 4260844 4211299 4298799 4307575 4245755 4233666 4113339 4076592 3913081 3873191 3753098 3733460 3660477 3571849 3438772 3381171 3234369 3239315 3125749 2988306 2924490 2831750 2818802 2675448 2615816 2490910 2398945 2205205 2221393 
2256979 2294421 2402178 2436480 2612741 2650720 2721371 2835568 2947557 2992203 3089695 3219842 3329414 3418018 3466872 3570164 3625882 3736235 3760743 3875922 3958280 4085253 4164669 4282618 4375878 4437842 4343434 4267015 4327364 4344655 4383886 4364257 4345788 4372594 4405448 4397064 4355201 4428968 4425532 4380060 4336508 4327996 4448866 4503830 4396700 4334219 4266691 4208355 4055381 3903770 3866304 3798055 3693976 3643725 3587852 3434223 3421381 3284279 3197385 3095012 3030518 2908859 2827891 2742300 2616607 2582407 2437705 2344454 2256948 
2301180 2372190 2435725 2559641 2641127 2675002 2865639 2949251 3017054 3125299 3194674 3318820 3462521 3491005 3599495 3660532 3753928 3838082 3893746 3948920 4096346 4108113 4270054 4363526 4519388 4505831 4504922 4407008 4445016 4520791 4457901 4448314 4529787 4501692 4538454 4423894 4510308 4519200 4474429 4512688 4524498 4532486 4559530 4525598 4590243 4452664 4424499 4275831 4185126 4069684 3979064 3930940 3869441 3709379 3654172 3550517 3442409 3382505 3283124 3187286 3115359 3010336 2876705 2797434 2730482 2590014 2486812 2395967 2389857 
2374516 2466537 2543055 2638590 2690702 2786962 2925786 2980945 3158724 3225508 3292105 3456592 3509420 3594291 3683210 3761380 3902608 3918125 4072546 4127982 4270576 4270708 4422301 4465442 4683852 4639794 4693367 4594946 4656315 4661215 4586224 4641594 4642965 4609434 4595139 4604535 4628625 4705886 4590315 4653525 4689618 4668036 4728409 4700289 4749078 4614340 4521534 4364974 4323945 4190037 4126532 4055562 3941296 3801839 3754742 3723371 3643167 3493785 3393421 3297237 3170811 3095038 2978770 2888587 2769918 2722720 2540533 2512717 2391938 
2458434 2527122 2638239 2705547 2783882 2910800 3041907 3081266 3172740 3207973 3453868 3481739 3635267 3715120 3820181 3867230 4010173 4067808 4125255 4256606 4294510 4463445 4554891 4657014 4729665 4821991 4791748 4750202 4750682 4678348 4716526 4734390 4752508 4731727 4714040 4759767 4719272 4751927 4772994 4867363 4800056 4734201 4769708 4759149 4813882 4771638 4632066 4494888 4370301 4328552 4262964 4172590 4110932 3913558 3830472 3768152 3686944 3554890 3451311 3407711 3241873 3151606 3024764 2976745 2889563 2805996 2627033 2498090 2459225 
2507053 2602625 2632609 2759431 2863949 2967487 3097613 3157642 3239458 3340116 3489528 3651743 3676506 3768851 3929503 4020984 4107194 4133863 4253931 4370377 4458501 4503182 4711700 4820131 4927250 4932930 4909088 4825540 4866893 4843575 4822856 4951440 4871027 4945420 4964610 4911826 4975158 4925570 4965757 4875009 4924564 4895784 4851274 5017848 4899638 4878487 4729322 4652975 4514482 4469809 4363452 4234580 4169344 4104143 3988576 3848174 3768533 3665530 3542858 3483338 3332673 3280251 3166851 3081759 2945595 2870544 2719876 2597768 2545463 
2576117 2647148 2682629 2862865 2954493 3116102 3180933 3245934 3381400 3488287 3576969 3618573 3769623 3901991 4054496 4073465 4167037 4325206 4427507 4463232 4540071 4676320 4781784 4852547 4989252 5016944 5062832 5009605 5112283 4988425 5036626 4989906 5040470 5031443 5019501 5071646 5083951 5038861 4994949 5100308 5117618 5081493 5064236 5051660 5076868 4975867 4853000 4735980 4637674 4494107 4458815 4351425 4271841 4154754 4059961 3894053 3814534 3749266 3667983 3559596 3446215 3352560 3213300 3120342 3024657 2944525 2805742 2675539 2597370 
2560953 2693788 2830506 2914271 2917418 3114087 3223538 3367198 3364002 3511755 3666398 3769089 3822842 3991324 4105002 4217908 4182057 4387891 4452289 4536348 4643573 4769655 4892883 5069659 5207362 5184337 5115688 5135044 5059077 5077272 5110838 5167224 5158967 5222271 5133452 5173017 5079528 5175797 5177319 5204406 5123897 5159394 5183949 5193875 5196887 5129457 4946255 4914879 4814098 4687949 4545546 4454570 4360021 4352791 4146368 4019144 3884589 3952095 3788955 3632652 3593357 3455468 3323400 3250509 3084558 3013044 2895461 2795789 2657600 
2700166 2765518 2849415 3024046 3077152 3243934 3243615 3459861 3536868 3665602 3745593 3841831 3975306 4117575 4194941 4247677 4398766 4498726 4516885 4694470 4844240 4923706 5026160 5161366 5253529 5228094 5301146 5223109 5219908 5202671 5209827 5295966 5258910 5240557 5300858 5267374 5287606 5245377 5237000 5245972 5240491 5315795 5335584 5324431 5303394 5248851 5236275 5039560 4815756 4799558 4623185 4524120 4513458 4423954 4266125 4162193 3978671 4005840 3771636 3676797 3609245 3535163 3342483 3243232 3174105 3052276 3003967 2802700 2750268 
2711529 2835956 2934202 3043479 3123511 3278388 3354336 3490005 3617959 3674472 3832249 3905256 4048099 4222117 4248505 4363290 4565195 4585956 4656464 4743556 4921614 5063546 5109461 5158858 5390896 5379814 5363691 5389788 5303247 5372576 5328734 5442299 5353951 5335113 5402572 5275450 5396205 5370903 5344373 5461773 5425428 5410182 5426087 5444709 5560834 5256780 5159433 5060515 4892361 4943100 4709429 4653925 4598834 4432414 4307187 4256098 4181523 4075450 3916368 3784285 3664688 3558370 3431097 3320578 3236850 3071880 2972563 2867974 2789438 
2792805 2870535 2997610 3113870 3248237 3279288 3449729 3527965 3598137 3726193 3944501 3965803 4131983 4251695 4335609 4478687 4593121 4670197 4759183 4875726 4950049 5192257 5311237 5351991 5540515 5524208 5434557 5445445 5410705 5443709 5511136 5368490 5426568 5459469 5506837 5550563 5452147 5467063 5546515 5534437 5467062 5467196 5508857 5531871 5526654 5402788 5249441 5234078 5045309 4961937 4910695 4775353 4651017 4591395 4358904 4365614 4260843 4087819 4016770 3880387 3791897 3647178 3569141 3414503 3296172 3182446 3052184 2933166 2810868 
2888993 3006484 3085826 3131060 3296352 3460822 3536143 3643437 3738611 3946501 4005820 4106085 4295001 4439076 4435987 4543921 4789531 4810398 4928098 4987418 5150408 5273162 5430913 5449543 5610565 5652378 5627461 5631297 5599688 5667081 5610354 5650726 5591369 5628056 5712902 5619360 5664058 5591553 5649943 5573211 5716470 5639644 5648604 5721379 5683061 5533456 5389680 5319288 5211006 5115501 4932546 4930692 4789704 4612026 4575561 4421134 4329992 4135502 4106318 3977082 3848092 3684252 3564873 3516839 3388878 3258884 3169193 3027514 2968632 
2882911 2999817 3115225 3218895 3342413 3449714 3657545 3706758 3825363 3948524 4112753 4188506 4334601 4497563 4559939 4737415 4786031 4909998 5021235 5161028 5191678 5372366 5440051 5661378 5729377 5738055 5752798 5645866 5654722 5752316 5699029 5752591 5704920 5866161 5755269 5756556 5728870 5726045 5819992 5792865 5811856 5834192 5786408 5709959 5842530 5696047 5536400 5475691 5289407 5191325 5109826 4985014 4932621 4807304 4616937 4484467 4430537 4346537 4173100 4058880 3958324 3818273 3613028 3579820 3476127 3371689 3171478 3084329 2952382 
3019070 3052019 3138038 3284427 3458102 3523570 3587020 3829302 3925091 4031701 4161833 4265669 4423941 4516219 4709224 4813373 4830547 4932984 5130488 5255091 5376040 5475408 5513145 5726432 5845881 5828856 5864911 5796055 5786005 5781434 5849475 5878663 5896333 5902278 5884137 5922159 5897545 5884661 5925871 5953000 5919106 5894497 5843425 5895858 5952905 5824317 5750364 5494593 5433287 5315576 5221309 5109113 4922374 4913127 4721784 4579989 4495209 4391084 4356639 4120753 4071314 3815718 3803593 3656290 3579901 3419095 3294808 3163276 3035076 
3048052 3118507 3235324 3391835 3473127 3685262 3730191 3875845 4012304 4042225 4295254 4454878 4478479 4618647 4789711 4936872 4988571 5121207 5282667 5397807 5438814 5575036 5781480 5893901 6071247 5953562 5947160 6005704 5989846 5996487 6016744 6008269 5926711 5973523 6042943 5959628 5963788 6055121 5951810 6074046 6006126 5990833 6073279 6146005 6088535 5964374 5793075 5673913 5577743 5447553 5365413 5118137 5084158 4998629 4821992 4683672 4563138 4558522 4404283 4189958 4071419 3931124 3816262 3705132 3611510 3492015 3327851 3224858 3146509 
3035435 3151104 3223467 3407950 3525554 3652214 3796342 3868098 3991861 4098723 4225609 4414246 4520455 4660404 4734815 4960048 5028125 5126960 5256931 5319969 5489391 5576555 5795184 5916737 6046546 5965677 6047046 5982184 6009704 6045717 6007793 6073190 6012619 5992641 6012125 5990505 6003221 6054807 5970433 6030505 5991827 6078721 6007888 6077460 6026359 5957586 5842683 5706786 5520864 5536006 5289954 5207593 5117130 4961208 4822617 4635438 4597669 4447901 4387862 4158973 4075881 4040990 3816554 3710679 3640482 3477597 3303404 3221387 3097169 
2988541 3131371 3261285 3373394 3515556 3703445 3758975 3855993 3981431 4140477 4304986 4444352 4539467 4692694 4790223 4902333 5049797 5254796 5252616 5356517 5527290 5580535 5680992 5958009 6042585 6051327 6006565 5979161 6026007 5949838 6002847 6013873 5987460 5976790 6008974 6107837 5996336 6054963 6008623 5969596 6165432 6018851 6039146 6014640 6132543 5910326 5867988 5711487 5621108 5410845 5397038 5266529 5108427 5004482 4820095 4683252 4613885 4573602 4390737 4311508 4083947 4009540 3818585 3728264 3586033 3455952 3333121 3224922 3051597 
3035038 3107769 3276707 3349406 3498059 3652321 3827779 3890152 4031680 4188085 4284323 4449446 4559043 4677208 4796317 4917675 5031828 5148352 5245221 5330107 5572406 5582032 5696620 5876733 6043499 6068458 5941762 5962177 5984684 6046652 6005745 6018708 5985508 5962202 6010153 5940916 6000395 6060390 6068769 6100153 6089980 6098819 5963112 6167170 6074306 5930930 5838507 5694984 5555875 5385499 5276603 5255814 5136280 4926669 4816546 4701749 4617674 4516878 4340642 4290746 4094039 3951567 3868151 3712047 3583172 3460422 3357996 3204994 3099621 
3057618 3099984 3267966 3376627 3525182 3660358 3831591 3881390 4061668 4139630 4287515 4464075 4657705 4635826 4766895 4823271 5054772 5229941 5219000 5369433 5535173 5609772 5728075 5876907 6083285 6045491 5995750 6004119 5967058 5998894 6022269 6076992 5917729 6001616 6020186 6055208 6043365 6069382 6110181 6187315 6107400 6129397 6035721 6057249 6064224 5995676 5868300 5717603 5553870 5464537 5322270 5285305 5144982 4972210 4832654 4689993 4524157 4547170 4391145 4222779 4102135 3992542 3865013 3736952 3610618 3512501 3407696 3179578 3121539 
3029383 3161941 3291741 3384737 3512253 3696477 3876032 3877580 4018076 4185440 4303630 4510539 4535209 4659414 4845304 4886205 5055556 5156158 5241065 5405065 5500559 5544215 5737011 5944134 6073907 6020965 6053509 5952597 5979631 6002926 6046163 6078642 6079430 5990141 6108368 6043484 6077665 6110587 6126379 6074613 6101213 6067902 6071875 6034612 6092749 6000968 5877413 5760555 5555963 5449544 5302551 5224132 5045429 4961601 4804452 4651120 4580497 4484597 4346132 4195328 4129375 3938045 3806310 3695623 3565613 3517135 3339568 3206209 3151530 
3063662 3122647 3246595 3411736 3549636 3679437 3779642 3964582 4041313 4131465 4326951 4497204 4621065 4709365 4836168 4895119 5041089 5221451 5191424 5454527 5500123 5618573 5780463 5957242 6100145 6077688 6002395 6000063 6046770 5944961 6094359 6059424 6042825 6033527 6016693 6019423 6029171 6028378 5950136 6101683 6093038 6065264 6051763 6092341 6078040 5935946 5855679 5665200 5619360 5342951 5358926 5153093 5099397 4957769 4857104 4743175 4610167 4487575 4351826 4264666 4137242 3961362 3854487 3710487 3622193 3475703 3325264 3178533 3122751 
3060741 3175782 3263123 3454132 3513263 3714962 3861639 3861254 4035529 4106759 4308951 4470425 4595952 4754381 4827678 4923593 5086488 5166709 5298586 5456295 5599461 5633416 5800655 5912801 6088772 6073106 6005375 6057924 6080645 6002164 6034145 6050053 6065881 6078176 6106531 5986904 6025878 6184106 6088895 6168081 6095279 6004132 6105797 6108207 6109425 5942373 5823624 5645813 5577177 5401851 5319511 5260116 5091355 4941876 4853197 4752007 4589245 4504262 4392963 4224362 4127324 3964269 3854296 3782492 3624428 3507653 3315091 3248704 3118731 
3063807 3183537 3238220 3448065 3576398 3716743 3843248 3904082 4060916 4152322 4348229 4480906 4624491 4789754 4906867 4930922 5085873 5231787 5364942 5432004 5560307 5665056 5827104 5996290 5994585 6079672 6046115 6044652 6151539 6009354 6092440 6094296 6117771 6119969 6151349 6037787 6059361 6111229 6023077 6088853 6105971 6075942 6098333 6058610 6196902 6025616 5870320 5752762 5549963 5482744 5383616 5230539 5100860 4976883 4922334 4785994 4634688 4596345 4442561 4362403 4139738 3956912 3847210 3777163 3615303 3462696 3368859 3309011 3095937 
3060060 3226005 3282328 3419349 3498030 3749446 3802209 3958440 4069447 4224247 4369327 4423489 4642650 4771520 4897922 4966827 5114309 5202559 5311569 5377257 5587393 5686761 5821861 5964142 6079023 6144364 6109212 6086992 6146486 6087748 6163976 6025384 6108929 6130643 6098297 6084418 6113728 6094971 6070982 6170294 6129890 6116768 6039410 6103600 6128168 5971902 5842730 5706193 5614193 5446479 5380811 5313232 5174322 4987134 4867043 4690876 4593102 4518437 4381000 4240386 4130122 3932264 3863637 3690604 3604556 3464628 3358179 3217149 3089883 
3081601 3155139 3308671 3409709 3549399 3700318 3766148 3953015 4012143 4234170 4321148 4499105 4596924 4733321 4844696 4966806 5004281 5215010 5326825 5401853 5538405 5692621 5811303 5983938 6136272 6077276 6049899 6150881 6077337 6065807 6040064 6056216 6112794 6095114 6097578 6033706 6164514 6158513 5965407 6069566 6082749 6049157 6086275 6056988 6034615 6032716 5797052 5747594 5577180 5477230 5413395 5291949 5161588 4987378 4892349 4701681 4631815 4507713 4399034 4214141 4111756 4064324 3819294 3712146 3605889 3531152 3424136 3217102 3095475 
3010005 3161572 3216869 3387733 3579925 3633584 3737702 3959895 4014143 4183092 4252758 4415481 4548800 4795911 4746393 4967845 5091000 5208140 5314617 5400836 5609452 5679150 5759113 5878304 6135163 6127214 6081844 6048303 6076948 6083356 6124782 6119460 6098731 6058044 6049695 6041077 6162018 6049149 6156523 6145217 6130473 6046776 6011029 6147444 6175762 5962756 5858867 5789210 5624810 5510091 5371196 5231475 5104854 5042595 4864134 4741697 4573812 4513836 4402531 4308642 4119769 4031592 3851750 3760396 3605195 3506492 3364347 3194595 3071211 
3010860 3159296 3243224 3416500 3538444 3630603 3725113 3924919 3970017 4131868 4357063 4459015 4549945 4706299 4859620 4951746 5067574 5184419 5339073 5457554 5607848 5678906 5866750 5931624 6093455 6073518 6113473 6131456 6053103 6035447 6104741 6081134 6103713 6039977 6107315 6088213 6187635 6114023 6100605 6032613 6158658 6140524 6072594 6108325 6122263 5962103 5904863 5843603 5633321 5500005 5382373 5288043 5142494 5037113 4833377 4714737 4651541 4484509 4398421 4241895 4182650 4036417 3840986 3775155 3629740 3494577 3312390 3259669 3089124 
3045244 3120275 3237735 3404868 3533521 3655547 3772156 3971202 4041469 4200955 4219010 4486216 4589778 4722786 4859651 4951555 5091337 5162449 5250817 5512966 5619884 5694425 5746634 5878402 6108527 6133251 6067956 6072953 6044577 6017690 6128401 6108708 6142100 6050165 6053276 6170434 6098317 6107053 6192628 6146186 6171106 6116805 6096920 6116782 6071495 5978374 5837907 5693669 5658418 5526796 5367755 5253482 5090807 5033940 4937748 4755482 4624931 4537820 4406666 4236204 4147578 3961315 3849107 3697709 3651495 3447801 3406423 3260408 3133895 
3051764 3189768 3251405 3415869 3529391 3640482 3800712 3927592 3994680 4189809 4307651 4442969 4634237 4741519 4862353 4894838 5079341 5255220 5444535 5456916 5595416 5722651 5873694 6022570 6123767 6148690 6190755 6036839 6054827 6165832 6142092 6173514 6133250 6112520 6167967 6045948 6131519 6080020 6172701 6222963 6101044 6075824 6064519 6126780 6163787 5998719 5895359 5762198 5592119 5512462 5410980 5288334 5125188 5072625 4881785 4827926 4613975 4561674 4413977 4268765 4151940 4010365 3885836 3766556 3565354 3508326 3342289 3200585 3032406 
3059924 3174727 3238571 3460077 3578955 3654073 3882601 3906038 4081226 4204767 4303851 4438163 4641619 4761974 4840866 4983798 5076779 5198218 5263196 5445744 5603951 5712245 5802691 6004888 6200143 6127798 6126228 6178164 6141128 6217846 6126043 6157515 6123335 6145683 6182458 6106362 6088708 6129162 6136988 6093882 6146134 6014133 6090605 6084650 6136820 6010376 5926891 5771317 5560875 5533824 5388820 5294283 5136797 4967283 4927387 4733486 4614137 4478011 4438614 4270812 4080053 3957550 3849263 3690458 3661779 3439638 3323301 3197968 3108016 
3012255 3104255 3297506 3417027 3571151 3633750 3857432 3966811 4127765 4213973 4253984 4475307 4607002 4737095 4875605 4940009 5137298 5254884 5335688 5452261 5610335 5771827 5780702 5979304 6110328 6145841 6124653 6165049 6073106 6100714 6089503 6127096 6080347 6115843 6179112 6028458 6052477 6176499 6244545 6192105 6136211 6101573 5968128 6117838 6103201 5880078 5924997 5709304 5562512 5474732 5391275 5242893 5243843 4984819 4835261 4711577 4611180 4485551 4377025 4272407 4121544 3999416 3859096 3677090 3592563 3502636 3359095 3207167 3156290 
2997748 3154669 3287952 3418235 3498698 3655745 3823696 3924950 4072194 4189343 4319677 4411510 4579120 4779653 4799074 4989261 5062298 5298612 5344128 5469290 5637647 5721239 5837725 5952329 6106841 6097306 6109538 6082882 6092807 6049531 6052474 6105891 6123064 6075900 6113111 6071244 6033118 6098502 6082059 6065957 6138204 6038111 6087608 6123593 6084058 5951224 5838378 5755668 5611812 5443285 5316298 5228096 5134887 4947039 4844241 4705790 4574036 4486664 4372380 4250169 4105212 4059565 3852427 3784263 3580522 3484854 3345740 3204605 3084670 
3093548 3160466 3275870 3446394 3517665 3685470 3806712 3985476 4127890 4146808 4334223 4512447 4594120 4678111 4872227 4989768 5047195 5178720 5247530 5490312 5604981 5747094 5842293 5975716 6124124 6174338 6029786 6100428 6103424 6067236 6071744 6141471 6059352 6081545 6101292 6034728 6034583 6044057 6047427 6062568 6075032 6029458 6069437 6075641 6093755 5998544 5870869 5802490 5593415 5473380 5343897 5260845 5142456 4963290 4835657 4675789 4602865 4433705 4351604 4196063 4094889 3920321 3811323 3699008 3596864 3443512 3340867 3160854 3062266 
3108108 3188543 3294555 3407610 3568700 3703829 3785455 3912132 4046809 4250925 4390922 4510973 4576051 4749956 4943618 5026310 5077126 5237161 5347644 5428887 5533230 5702289 5771185 5969114 6033352 6068868 6062286 6076248 6167981 6080411 6121640 6114857 6066078 6125902 6107619 6046185 6099004 6056498 6095842 6095581 6104471 6078287 5997010 6047261 6100304 6019912 5806987 5711461 5684813 5517145 5306002 5187287 5137260 4919005 4799339 4690144 4614881 4494637 4288865 4174068 4105882 3852414 3762601 3731939 3517233 3493335 3300782 3136701 3061153 
3074833 3217857 3302724 3400473 3495516 3676784 3833190 3945651 4062998 4193720 4292643 4472803 4662408 4651562 4863132 4979718 5052417 5211752 5314151 5524831 5631585 5689612 5881572 6023828 6101321 6041416 6028979 6164748 6107271 6023552 6107000 6053828 6056106 6025548 6076679 6007279 6065778 6140471 6081793 6082334 6089660 6106789 6083817 6071106 6042702 5928745 5761009 5714409 5533203 5398017 5324730 5198471 5080408 4992833 4846755 4735602 4550469 4468403 4317896 4176895 4088013 3970546 3824596 3711070 3523814 3420911 3352736 3147989 3001156 
2974883 3085534 3236696 3316552 3487661 3603286 3765605 3827319 4023749 4084777 4264596 4378510 4419775 4608308 4711606 4883745 4964227 5055571 5097444 5358324 5430490 5555248 5662790 5867297 5987859 5993742 5963057 5991356 6050016 5962590 5876865 6010940 5897542 5917219 5939682 5913722 5912959 5982763 5887756 5957426 5954272 5878436 5963678 5929965 5942427 5865998 5679078 5526121 5494808 5357083 5253819 5118709 4976752 4829163 4798668 4596952 4409985 4383466 4249797 4137096 3972654 3885429 3752354 3672340 3536249 3413128 3231175 3134775 3006886 
2920380 2986629 3099687 3263116 3415407 3545501 3617076 3758916 3891699 3975821 4192820 4269028 4439773 4470531 4687780 4708494 4856011 4979191 5052353 5234523 5308063 5415189 5507432 5672826 5702787 5832258 5831446 5848718 5814301 5764207 5826571 5786938 5823535 5758295 5787304 5829721 5760673 5842551 5762185 5819216 5850672 5748391 5742620 5770618 5761469 5708763 5534731 5392744 5309664 5204281 5051019 4912938 4852079 4716656 4652220 4465698 4361078 4234176 4142771 3940108 3849662 3814114 3665622 3505700 3367642 3313568 3099286 2984655 2876463 
2856434 2909452 3036543 3188042 3315711 3467596 3604361 3687556 3817019 3933877 4032814 4151196 4237523 4453100 4538322 4709543 4829713 4874333 5032937 5172640 5231060 5417456 5481208 5594437 5660120 5676439 5719734 5683862 5623796 5728894 5704859 5684557 5611347 5758115 5724611 5683654 5664369 5707537 5788787 5751002 5633895 5722284 5673592 5682363 5633600 5495207 5426032 5268784 5221724 5008209 5005031 4925738 4704735 4604111 4487084 4353105 4284873 4120171 4049528 3984400 3826347 3690352 3609009 3439218 3326783 3172829 3077589 2920652 2872221 
2787031 2936608 2999918 3177405 3330515 3358000 3541695 3655495 3760638 3852697 3949085 4110290 4222363 4402361 4465115 4599619 4690127 4836575 4894005 5095073 5200984 5294160 5474895 5521573 5620001 5588137 5628283 5696654 5600055 5517569 5570489 5523724 5559656 5588728 5500304 5559175 5508695 5560806 5560478 5619784 5566288 5507935 5587342 5577335 5549566 5467894 5316845 5281204 5112241 4981241 4925711 4761447 4635291 4486322 4407414 4275354 4158584 4077534 3978394 3889578 3693480 3596613 3454230 3353425 3190372 3128128 2960391 2864083 2729191 
2749547 2858702 2900555 3073002 3207681 3337264 3469455 3573752 3669675 3781937 3871019 4023632 4121227 4297300 4328800 4476221 4606626 4675716 4806390 4846831 5024831 5175107 5204708 5302398 5457141 5428409 5523015 5469243 5409020 5449635 5421810 5487340 5471242 5432164 5415057 5459564 5441730 5415698 5429924 5451576 5424097 5374280 5383860 5480582 5453188 5386627 5262061 5116037 5058654 4874390 4780636 4691988 4560546 4474669 4285613 4193448 4024512 4003497 3908392 3742277 3584986 3481045 3351581 3258137 3166762 3000956 2884729 2768798 2676934 
2678560 2770365 2839532 2986287 3103553 3289354 3345038 3425113 3548936 3675385 3795203 3951339 4048277 4171202 4306660 4375874 4444234 4645245 4746911 4728938 4944846 4968023 5129207 5153302 5308619 5273334 5321653 5423115 5322759 5311970 5348572 5356812 5411426 5304509 5309939 5318880 5329949 5330924 5307658 5401095 5312497 5301290 5321366 5308037 5303319 5196342 5077172 5033401 4805786 4713526 4651294 4558166 4405238 4337631 4272566 4053499 3999246 3897374 3869083 3642945 3479151 3448456 3245658 3125638 3093061 3003858 2889184 2691000 2674973 
2640470 2721192 2810673 2892133 3021802 3086411 3222636 3372203 3455197 3603372 3659372 3825528 3973597 4032628 4149258 4295348 4352677 4443348 4601325 4723339 4847170 4926498 4988118 5100206 5258049 5169283 5199309 5211123 5192873 5154620 5233647 5246938 5202843 5158050 5152565 5269620 5230383 5135021 5160682 5248330 5284358 5158997 5179408 5156423 5228394 5042969 4978667 4855762 4716834 4713107 4529531 4396463 4357354 4240070 4139082 4001195 3926488 3813894 3660885 3578866 3487415 3346791 3241313 3119382 3046997 2937671 2765286 2733614 2563628 
2546483 2637625 2711902 2803431 2857321 3101436 3187142 3323082 3362805 3512703 3621221 3728702 3897439 3964654 4038981 4180044 4240683 4306529 4487301 4545058 4699397 4746581 4866671 5031243 5079764 5048264 4992675 5082029 5048562 5108062 5076016 5041061 5100224 5017351 5103270 5024670 5045889 5066688 5074823 5021231 5033073 5080862 5092560 5034592 5054048 5001143 4870667 4868024 4639178 4543009 4456740 4393544 4344867 4170212 4027102 3954592 3797733 3715982 3610022 3543885 3445823 3367001 3188042 3086076 3042061 2878778 2735495 2641988 2522925 
2514484 2567088 2699076 2707779 2899757 2922903 3128378 3196674 3269989 3366967 3503897 3696263 3734289 3796746 4017782 4093577 4149415 4240098 4327674 4512435 4653585 4689312 4768170 4842716 4943926 4881680 5010148 5013272 4894402 4928149 4969003 4930342 5020565 4929784 4953926 5000173 4981032 4914308 5033802 4929542 4960448 5007272 4931812 5019687 4975752 4845526 4805515 4683497 4507161 4450071 4382568 4249168 4169789 4050496 3988949 3815051 3752724 3624423 3553194 3393051 3299823 3155570 3073796 2982407 2913627 2773910 2672072 2566793 2472319 
2420665 2491431 2610056 2720625 2785808 2922220 3032997 3146186 3185314 3280262 3441178 3480309 3689586 3745947 3846661 3987457 4037186 4178695 4198575 4354661 4533554 4460390 4661357 4698978 4855543 4786562 4762443 4891831 4825004 4859274 4888689 4820102 4888598 4789325 4804823 4715831 4793293 4851248 4865855 4793210 4778539 4809928 4835296 4811892 4867425 4714499 4695237 4543986 4400414 4325874 4268738 4151133 4039694 3884517 3796439 3626520 3603524 3551481 3410689 3318763 3236228 3126483 2984150 2888058 2731460 2702239 2612780 2456452 2406603 
2344830 2470919 2486402 2622557 2714641 2803390 2965953 3018892 3148739 3245643 3328193 3485287 3601035 3672171 3796394 3871768 3933361 4039412 4106058 4247331 4357330 4455182 4538406 4640287 4683755 4767535 4698713 4688546 4667601 4697195 4693555 4714400 4659260 4760328 4655945 4736103 4665714 4695292 4670149 4672343 4712276 4596694 4711136 4758475 4731601 4565844 4525528 4381930 4307701 4267223 4096109 4050822 3854738 3892233 3741578 3644887 3503818 3451584 3362227 3194536 3153727 2996593 2888865 2832974 2685913 2644779 2491230 2355346 2325176 
2311704 2326402 2401748 2604146 2642170 2704690 2849108 2961655 3051848 3114904 3254738 3370182 3438258 3539822 3687880 3727355 3920452 3984388 4038865 4116943 4163739 4252771 4382930 4543758 4470911 4537616 4615751 4508600 4550252 4614742 4553427 4582049 4526143 4566186 4555188 4562026 4527310 4602135 4546983 4564741 4515721 4560284 4554202 4560963 4517430 4479258 4413044 4306451 4163835 4048717 3971803 3863989 3877527 3720362 3655658 3476675 3376219 3333997 3254412 3112101 3030885 2883905 2766873 2720319 2620315 2552028 2479321 2376865 2251061 
2226560 2298639 2386269 2424726 2579063 2640040 2816653 2854195 2947368 3075551 3127537 3248210 3368443 3498941 3572570 3607826 3746321 3875306 3927409 3956042 4084331 4176927 4259940 4360715 4476589 4490174 4423113 4449634 4426524 4436748 4368547 4442632 4368564 4408361 4365741 4436730 4477383 4448770 4392575 4460293 4586767 4449856 4375255 4369184 4461015 4385626 4274491 4211062 4082416 3958343 3907864 3817184 3738991 3575106 3533822 3355731 3293064 3171503 3175909 3098098 3051992 2824261 2756780 2636916 2582094 2517921 2380717 2301143 2184634 
2145948 2231094 2302823 2396080 2454170 2624235 2735685 2833226 2940373 2936697 3110664 3168765 3283802 3424133 3472983 3583056 3558685 3729722 3841199 3900866 4012222 4118612 4220054 4172380 4323251 4309399 4314409 4372664 4336826 4300602 4316914 4397862 4291185 4292018 4248817 4302316 4331557 4346334 4273208 4354955 4339598 4356657 4310212 4268962 4344703 4292826 4205868 4079930 4024413 3888088 3805670 3722919 3592051 3542569 3385855 3362512 3222269 3142541 3103279 3004886 2938405 2831509 2687649 2599366 2516356 2460824 2329504 2284659 2141727 
2104576 2191519 2210793 2323336 2438050 2502082 2648090 2738038 2833184 2905291 2981505 3126623 3255735 3311346 3447302 3464092 3617789 3618845 3761339 3849284 3903659 4025972 4042770 4183756 4187961 4145817 4177071 4220509 4256774 4237173 4269790 4272731 4172465 4155272 4246848 4189886 4197686 4222086 4165383 4199706 4228468 4240260 4192660 4139764 4196650 4117291 4068069 3966524 3885432 3761509 3707017 3661528 3537417 3409695 3375799 3202107 3162080 3041925 3020107 2889166 2758558 2679465 2647454 2560834 2454934 2356047 2253281 2191761 2098438 
2032765 2081906 2146878 2272842 2349472 2519770 2526052 2654674 2707621 2781250 2930358 3029295 3115470 3133955 3310576 3346887 3424400 3523803 3620063 3729702 3829961 3855629 4029574 4033570 4107326 4092637 4121421 4141574 4129389 4076470 4101993 4107155 4103742 4105092 4130520 4134881 4097168 4162526 4122344 4042709 4104170 4111101 4099147 4141710 4065536 4025787 3900311 3885164 3793525 3604514 3627660 3499241 3373869 3298561 3208613 3149104 3099779 3021080 2896373 2846804 2756807 2651325 2555501 2478094 2338285 2263009 2246696 2130204 2017478 
1925299 2060392 2089952 2206967 2267674 2362086 2477929 2498504 2601714 2701297 2876341 2912905 3018883 3039841 3227060 3250852 3313062 3454003 3483883 3586158 3686303 3750124 3821095 3872418 4018202 4011166 3961611 3984310 3963892 4026344 4014984 3984601 3986608 3956870 3989527 3958255 4036909 3965315 3994314 3949699 3992327 3948462 3982705 4001582 3981455 3930781 3854742 3778564 3690122 3511909 3462713 3410908 3289442 3225989 3182332 2992674 2991556 2919717 2830767 2747079 2661011 2561549 2403545 2343556 2303302 2262338 2156702 2086977 1998011 
1874020 1980147 2024420 2123671 2207946 2293111 2384939 2490607 2556888 2652236 2711862 2806764 2880073 2973191 3115585 3187210 3183798 3292112 3377163 3440233 3550612 3631511 3688631 3823640 3851240 3832119 3832197 3866569 3843421 3797233 3879407 3815892 3798853 3820862 3828334 3839849 3836468 3830701 3870385 3891987 3816788 3860433 3915721 3885847 3851737 3816504 3726031 3632573 3578874 3447414 3406758 3303700 3244990 3158365 3038427 2926654 2901515 2805877 2757804 2616577 2597412 2477774 2389819 2290928 2226754 2161617 2067630 1978228 1908532 
1821748 1858912 1946086 2035278 2154159 2230318 2349941 2396792 2464176 2477873 2633191 2738259 2798280 2905313 2959102 3019402 3130590 3188670 3250460 3314732 3433110 3515496 3544884 3636438 3682122 3717103 3728976 3667079 3665631 3730360 3753164 3677812 3649172 3681484 3726401 3647889 3686220 3717763 3681822 3744300 3711493 3705091 3663293 3772965 3721565 3635756 3525015 3493972 3407158 3322373 3274465 3190731 3107319 3050036 2907321 2832605 2786892 2731052 2626927 2590865 2467470 2394142 2296979 2220749 2189418 2110741 1950531 1936852 1818315 
1769292 1831399 1869457 2025675 2098614 2105493 2224556 2352542 2402457 2481435 2529056 2620045 2760126 2788475 2890086 2947915 3001454 3076835 3185752 3256011 3329513 3383850 3443697 3502879 3607523 3579548 3612381 3613800 3642834 3586979 3622031 3568028 3587581 3630322 3553512 3587628 3618559 3629153 3587738 3607904 3650901 3634130 3578029 3619914 3638498 3546961 3451082 3391163 3300546 3225649 3221194 3000734 3048808 2860648 2860187 2781114 2700256 2641158 2529782 2470758 2385553 2297853 2259677 2160140 2117947 2042618 1923072 1882718 1797528 
1682620 1795431 1808634 1906803 1976922 2069576 2109914 2259782 2292270 2356577 2451515 2584233 2657312 2686393 2773809 2809200 2934445 3017954 3052493 3196967 3150564 3320807 3319155 3347965 3439016 3467365 3466214 3479987 3437303 3471209 3524755 3497615 3478825 3477480 3447285 3517098 3519773 3479972 3505662 3526523 3486494 3429917 3536118 3513437 3525826 3387008 3344088 3304501 3210530 3150620 3033481 3034860 2901281 2867489 2758108 2687580 2604098 2512348 2479415 2360924 2350519 2209745 2153698 2112715 2026424 1972936 1914163 1799417 1679477 
1689694 1685729 1775730 1881552 1916809 1945626 2027677 2125875 2214288 2323820 2334470 2418900 2511453 2596968 2634957 2728142 2795089 2891923 2964579 2978040 3153514 3100792 3218570 3275764 3329316 3361533 3288731 3381802 3325638 3324881 3323879 3386302 3393559 3329339 3298561 3333654 3354117 3395090 3370182 3312345 3340716 3393160 3323818 3387859 3359700 3333092 3255564 3153206 3055951 2977490 2904370 2845655 2768234 2691603 2628598 2592081 2474544 2440150 2436334 2308993 2179680 2133687 2099535 2032288 1932590 1893679 1804929 1788154 1625960 
1613434 1662009 1728697 1786629 1859275 1883316 1989182 2054727 2122900 2178767 2273351 2381843 2415826 2468469 2501021 2650481 2655059 2769826 2820550 2842695 3011720 2994661 3093682 3154639 3208891 3210649 3250152 3246374 3240731 3245170 3265561 3275203 3208865 3271538 3227121 3247193 3273368 3212963 3319499 3232294 3255728 3234727 3138859 3255978 3255908 3177430 3154509 3112123 2933066 2871171 2840022 2740791 2692532 2611428 2551815 2470823 2414327 2337330 2308538 2202073 2126922 2055652 1987372 1877412 1875397 1831435 1710765 1666490 1664725 
1563206 1578373 1639265 1648577 1772105 1837978 1915189 1970754 2063841 2144041 2183909 2284303 2327783 2458214 2474509 2557191 2563415 2671655 2691048 2828226 2847102 2926738 2913777 3059340 3121413 3054942 3151244 3090816 3145032 3108478 3110868 3121438 3103924 3119645 3093954 3163731 3057482 3146582 3118616 3142869 3142260 3065007 3096995 3116614 3112741 3067930 2958879 2941153 2856505 2726551 2734196 2700887 2611619 2552415 2421937 2352956 2299188 2225722 2182263 2135591 2116734 1974446 1914518 1863988 1766201 1725277 1677418 1610315 1525700 
